Detector: detector priority is 6
Detector: detector period is 100
Detector is finished, processed all frames.
Dumping output [ timeBefore timeAfter timeDifference heapFreeBefore heapFreeAfter detectedCollisions suspectedCollisions ] for 50 recorded detector runs, in ns
659429306 663757173 4327867 814240 804448 1 4
760176493 775359213 15182720 804352 775776 1 4
860179106 884354640 24175534 775680 738688 2 24
960172706 976316826 16144120 738592 705760 0 0
1060606786 1086397453 25790667 705664 666016 3 24
1160606986 1186847533 26240547 665920 626432 2 28
1260623333 1274768840 14145507 626336 597536 0 0
1360648586 1376227400 15578814 597440 568288 1 6
1460645546 1475493440 14847894 568192 538048 0 0
1560639973 1575860800 15220827 537952 506464 0 0
1660610880 1676897680 16286800 506368 473536 0 0
1760617426 1776844733 16227307 473440 440608 0 0
1860627026 1875512253 14885227 440512 410368 0 0
1960651546 1973370813 12719267 410272 384960 1 2
2060649693 2074133866 13484173 384864 357408 0 0
2160640506 2185582653 24942147 357312 318976 2 24
2260615853 2293567026 32951173 318880 274048 3 42
2360611213 2375285240 14674027 273952 243808 0 0
2460619386 2481597040 20977654 814528 779840 2 16
2560663133 2576120773 15457640 779744 750592 1 6
2660649426 2675936746 15287320 750496 721952 0 4
2760650106 2775905306 15255200 721856 690368 0 0
2860618120 2876252226 15634106 690272 658784 0 0
2960622413 2975801240 15178827 658688 627200 0 0
3060627293 3076281493 15654200 627104 595616 0 0
3160644346 3175794986 15150640 595520 566976 0 4
3260649840 3276509266 15859426 566880 537728 1 6
3360641840 3381516426 20874586 537632 502944 2 16
3460647226 3476156426 15509200 502848 471360 0 0
3560610293 3590261373 29651080 471264 429504 3 36
3660619560 3685365320 24745760 429408 391072 2 24
3760625680 3774791573 14165893 390976 362176 0 0
3860665266 3873339000 12673734 362080 336768 1 2
3960657746 3974667906 14010160 336672 307872 0 0
4060650840 4075913960 15263120 307776 276288 0 0
4160615040 4177479160 16864120 276192 242016 0 0
4260619386 4276137626 15518240 814528 783040 0 0
4360621400 4374714986 14093586 782944 754144 0 0
4460665226 4476496346 15831120 754048 724896 1 6
4560653440 4574812613 14159173 724800 696000 0 0
4660651613 4687233653 26582040 695904 656416 2 28
4760617333 4786275480 25658147 656320 616672 3 24
4860611480 4876622906 16011426 616576 583744 0 0
4960617280 4985721506 25104226 583648 545312 2 24
5060685040 5075367200 14682160 545216 516640 1 4
5160657613 5176498040 15840427 516544 487392 1 6
5260654506 5275202986 14548480 487296 457152 0 0
5360649813 5376940333 16290520 457056 424224 0 0
5460627013 5476534160 15907147 424128 391296 0 0
5560627173 5576240600 15613427 391200 359712 0 0
Generated frames: 50
Received (and measured) frames: 50
Frame not ready event count (in detector): 0
Frames dropped due to full buffer in detector: 0
Frames processed by detector: 50
Detector stop indicator set: true
Reported missed detector periods (reported by waitForNextPeriod): 0
Detector first release was scheduled for: 4294971501000001
659277546 4294971501000001 0
759277746 4294971601000001 0
859277746 4294971701000001 0
959277786 4294971801000001 0
1059277800 4294971901000001 0
1159277800 4294972001000001 0
1259277786 4294972101000001 0
1359277840 4294972201000001 0
1459277720 4294972301000001 0
1559277773 4294972401000001 0
1659277880 4294972501000001 0
1759277786 4294972601000001 0
1859277866 4294972701000001 0
1959277573 4294972801000001 0
2059277800 4294972901000001 0
2159277853 4294973001000001 0
2259277800 4294973101000001 0
2359277813 4294973201000001 0
2459277800 4294973301000001 0
2559277840 4294973401000001 0
2659277826 4294973501000001 0
2759277706 4294973601000001 0
2859277600 4294973701000001 0
2959277773 4294973801000001 0
3059277840 4294973901000001 0
3159277880 4294974001000001 0
3259277760 4294974101000001 0
3359277733 4294974201000001 0
3459277826 4294974301000001 0
3559277813 4294974401000001 0
3659277800 4294974501000001 0
3759277786 4294974601000001 0
3859277706 4294974701000001 0
3959277840 4294974801000001 0
4059277840 4294974901000001 0
4159277893 4294975001000001 0
4259277880 4294975101000001 0
4359277786 4294975201000001 0
4459277773 4294975301000001 0
4559277773 4294975401000001 0
4659277533 4294975501000001 0
4759277840 4294975601000001 0
4859277720 4294975701000001 0
4959277800 4294975801000001 0
5059277533 4294975901000001 0
5159277813 4294976001000001 0
5259277813 4294976101000001 0
5359277840 4294976201000001 0
5459277773 4294976301000001 0
5559277586 4294976401000001 0
