Detector: detector priority is 6
Detector: detector period is 100
Detector is finished, processed all frames.
Dumping output [ timeBefore timeAfter timeDifference heapFreeBefore heapFreeAfter detectedCollisions suspectedCollisions ] for 50 recorded detector runs, in ns
552111026 556438933 4327907 814240 804448 1 4
652857813 668040333 15182520 804352 775776 1 4
752860293 777036653 24176360 775680 738688 2 24
852853920 868998040 16144120 738592 705760 0 0
953288266 979080266 25792000 705664 666016 3 24
1053287880 1079528853 26240973 665920 626432 2 28
1153304520 1167450586 14146066 626336 597536 0 0
1253329986 1268908066 15578080 597440 568288 1 6
1353326253 1368175400 14849147 568192 538048 0 0
1453321000 1468541733 15220733 537952 506464 0 0
1553292053 1569578706 16286653 506368 473536 0 0
1653298986 1669525653 16226667 473440 440608 0 0
1753308400 1768193613 14885213 440512 410368 0 0
1853333106 1866051680 12718574 410272 384960 1 2
1953330573 1966814786 13484213 384864 357408 0 0
2053321533 2078261826 24940293 357312 318976 2 24
2153297280 2186249160 32951880 318880 274048 3 42
2253292586 2267966506 14673920 273952 243808 0 0
2353300586 2374278533 20977947 814528 779840 2 16
2453344386 2468802080 15457694 779744 750592 1 6
2553330800 2568618120 15287320 750496 721952 0 4
2653331520 2668586853 15255333 721856 690368 0 0
2753299333 2768932786 15633453 690272 658784 0 0
2853303866 2868482253 15178387 658688 627200 0 0
2953308493 2968962080 15653587 627104 595616 0 0
3053325373 3068474480 15149107 595520 566976 0 4
3153330680 3169190653 15859973 566880 537728 1 6
3253323373 3274197800 20874427 537632 502944 2 16
3353328226 3368837840 15509614 502848 471360 0 0
3453291906 3482944106 29652200 471264 429504 3 36
3553301013 3578046546 24745533 429408 391072 2 24
3653306826 3667471400 14164574 390976 362176 0 0
3753346786 3766020560 12673774 362080 336768 1 2
3853338613 3867349093 14010480 336672 307872 0 0
3953331933 3968596413 15264480 307776 276288 0 0
4053296080 4070159613 16863533 276192 242016 0 0
4153300080 4168817826 15517746 814528 783040 0 0
4253302400 4267395600 14093200 782944 754144 0 0
4353346453 4369176960 15830507 754048 724896 1 6
4453334626 4467492333 14157707 724800 696000 0 0
4553333480 4579914866 26581386 695904 656416 2 28
4653298853 4678956853 25658000 656320 616672 3 24
4753293053 4769303906 16010853 616576 583744 0 0
4853298786 4878403466 25104680 583648 545312 2 24
4953366706 4968049240 14682534 545216 516640 1 4
5053338560 5069179053 15840493 516544 487392 1 6
5153335520 5167885213 14549693 487296 457152 0 0
5253330920 5269622306 16291386 457056 424224 0 0
5353308413 5369215266 15906853 424128 391296 0 0
5453308506 5468921280 15612774 391200 359712 0 0
Generated frames: 50
Received (and measured) frames: 50
Frame not ready event count (in detector): 0
Frames dropped due to full buffer in detector: 0
Frames processed by detector: 50
Detector stop indicator set: true
Reported missed detector periods (reported by waitForNextPeriod): 0
Detector first release was scheduled for: 4294971301000001
551959200 4294971301000001 0
651959093 4294971401000001 0
751959120 4294971501000001 0
851959106 4294971601000001 0
951959000 4294971701000001 0
1051958906 4294971801000001 0
1151959066 4294971901000001 0
1251959066 4294972001000001 0
1351958826 4294972101000001 0
1451959053 4294972201000001 0
1551959093 4294972301000001 0
1651959093 4294972401000001 0
1751958826 4294972501000001 0
1851959026 4294972601000001 0
1951958826 4294972701000001 0
2051958826 4294972801000001 0
2151959133 4294972901000001 0
2251959213 4294973001000001 0
2351958880 4294973101000001 0
2451959106 4294973201000001 0
2551959173 4294973301000001 0
2651959080 4294973401000001 0
2751959173 4294973501000001 0
2851959120 4294973601000001 0
2951959066 4294973701000001 0
3051958880 4294973801000001 0
3151958946 4294973901000001 0
3251959173 4294974001000001 0
3351958906 4294974101000001 0
3451959146 4294974201000001 0
3551959080 4294974301000001 0
3651959146 4294974401000001 0
3751959120 4294974501000001 0
3851959066 4294974601000001 0
3951959000 4294974701000001 0
4051958853 4294974801000001 0
4151958893 4294974901000001 0
4251959000 4294975001000001 0
4351959093 4294975101000001 0
4451959120 4294975201000001 0
4551958840 4294975301000001 0
4651959053 4294975401000001 0
4751959173 4294975501000001 0
4851959013 4294975601000001 0
4951958826 4294975701000001 0
5051959093 4294975801000001 0
5151959066 4294975901000001 0
5251959053 4294976001000001 0
5351959093 4294976101000001 0
5451958986 4294976201000001 0
