Detector: detector priority is 6
Detector: detector period is 100
Detector is finished, processed all frames.
Dumping output [ timeBefore timeAfter timeDifference heapFreeBefore heapFreeAfter detectedCollisions suspectedCollisions ] for 50 recorded detector runs, in ns
414886853 419913706 5026853 813920 797120 1 4
515637400 533640826 18003426 797024 741472 1 4
615639933 643293120 27653187 741376 671776 2 24
715633546 735242573 19609027 671680 606240 0 0
816066693 845663893 29597200 606144 530816 3 24
916067013 946023186 29956173 530720 456576 2 28
1016083000 1033183133 17100133 456480 399680 0 0
1116109186 1134580040 18470854 399584 343200 1 6
1216106093 1234076426 17970333 343104 283424 0 0
1316100266 1334635040 18534774 283328 220768 0 0
1416071040 1435821813 19750773 220672 155232 0 0
1516077320 1535770453 19693133 814432 748992 0 0
1616087000 1634092640 18005640 748896 689216 0 0
1716111960 1731309813 15197853 689120 640160 1 2
1816109760 1832374493 16264733 640064 586144 0 0
1916100853 1944679706 28578853 586048 513568 2 24
2016075906 2053081680 37005774 513472 430656 3 42
2116071173 2133874026 17802853 430560 370880 0 0
2216079520 2240410680 24331160 370784 304512 2 16
2316123133 2334481853 18358720 304416 248032 1 6
2416109493 2434416173 18306680 247936 190880 0 4
2516110586 2534677493 18566907 814432 751872 0 0
2616078240 2634986053 18907813 751776 689216 0 0
2716082933 2734575893 18492960 689120 626560 0 0
2816087213 2835027640 18940427 626464 563904 0 0
2916104506 2934278640 18174134 563808 506752 0 4
3016110226 3034840240 18730014 506656 450272 1 6
3116102066 3140331760 24229694 450176 383904 2 16
3216107600 3234908160 18800560 383808 321248 0 0
3316070613 3349529680 33459067 321152 243712 3 36
3416079973 3444479480 28399507 814432 741952 2 24
3516085666 3533203880 17118214 741856 685056 0 0
3616126013 3631282440 15156427 684960 636000 1 2
3716117880 3733089946 16972066 635904 579104 0 0
3816111320 3834692000 18580680 579008 516448 0 0
3916075253 3936578720 20503467 516352 448032 0 0
4016079306 4034884400 18805094 447936 385376 0 0
4116081826 4133134120 17052294 385280 328480 0 0
4216124746 4234830933 18706187 328384 272000 1 6
4316113386 4333225560 17112174 271904 215104 0 0
4416112413 4446390346 30277933 215008 140864 2 28
4516077773 4545535546 29457773 814432 739104 3 24
4616071600 4635562066 19490466 739008 673568 0 0
4716077813 4744808280 28730467 673472 600992 2 24
4816145426 4833700866 17555440 600896 545344 1 4
4916117573 4934822413 18704840 545248 488864 1 6
5016114733 5033812360 17697627 488768 429088 0 0
5116110280 5135853093 19742813 428992 363552 0 0
5216087613 5235484560 19396947 363456 298016 0 0
5316087413 5334979106 18891693 297920 235360 0 0
Generated frames: 50
Received (and measured) frames: 50
Frame not ready event count (in detector): 0
Frames dropped due to full buffer in detector: 0
Frames processed by detector: 50
Detector stop indicator set: true
Reported missed detector periods (reported by waitForNextPeriod): 0
Detector first release was scheduled for: 4294971101000001
414733813 4294971101000001 0
514733613 4294971201000001 0
614733613 4294971301000001 0
714733666 4294971401000001 0
814733880 4294971501000001 0
914733946 4294971601000001 0
1014733866 4294971701000001 0
1114733920 4294971801000001 0
1214733786 4294971901000001 0
1314733653 4294972001000001 0
1414733920 4294972101000001 0
1514733613 4294972201000001 0
1614733840 4294972301000001 0
1714733920 4294972401000001 0
1814733906 4294972501000001 0
1914733866 4294972601000001 0
2014733800 4294972701000001 0
2114733840 4294972801000001 0
2214733613 4294972901000001 0
2314733613 4294973001000001 0
2414733653 4294973101000001 0
2514733960 4294973201000001 0
2614733960 4294973301000001 0
2714733946 4294973401000001 0
2814733813 4294973501000001 0
2914733813 4294973601000001 0
3014733826 4294973701000001 0
3114733626 4294973801000001 0
3214733760 4294973901000001 0
3314733800 4294974001000001 0
3414733880 4294974101000001 0
3514733813 4294974201000001 0
3614733960 4294974301000001 0
3714733666 4294974401000001 0
3814733626 4294974501000001 0
3914733866 4294974601000001 0
4014733826 4294974701000001 0
4114733853 4294974801000001 0
4214733680 4294974901000001 0
4314733986 4294975001000001 0
4414733866 4294975101000001 0
4514733986 4294975201000001 0
4614733906 4294975301000001 0
4714733933 4294975401000001 0
4814733653 4294975501000001 0
4914733786 4294975601000001 0
5014733786 4294975701000001 0
5114733786 4294975801000001 0
5214733906 4294975901000001 0
5314733880 4294976001000001 0
