Detector: detector priority is 6
Detector: detector period is 100
Detector is finished, processed all frames.
Dumping output [ timeBefore timeAfter timeDifference heapFreeBefore heapFreeAfter detectedCollisions suspectedCollisions ] for 50 recorded detector runs, in ns
1014548000 1018918893 4370893 814496 804992 1 4
1115290293 1130260093 14969800 804992 776832 1 4
1215292640 1239467053 24174413 776832 741536 2 24
1315286760 1331152320 15865560 741536 708864 0 0
1415720613 1441468106 25747493 708864 670912 3 24
1515720720 1542006760 26286040 670912 633376 2 28
1615737426 1629634906 13897480 633376 604736 0 0
1715762466 1731187386 15424920 604736 576128 1 6
1815759093 1830340333 14581240 576128 546144 0 0
1915753706 1930725506 14971800 546144 514816 0 0
2015724746 2031707733 15982987 514816 482144 0 0
2115731466 2131659040 15927574 482144 449472 0 0
2215740533 2230350120 14609587 449472 419488 0 0
2315765466 2328302666 12537200 419488 394464 1 2
2415763600 2429005493 13241893 394464 367168 0 0
2515754253 2540670240 24915987 367168 330528 2 24
2615729546 2648818306 33088760 330528 288544 3 42
2715724840 2730156760 14431920 288544 258560 0 0
2815733160 2836621986 20888826 258560 225056 2 16
2915777026 2931105493 15328467 225056 196448 1 6
3015763200 3030879440 15116240 814592 786336 0 4
3115764266 3130784933 15020667 786336 755008 0 0
3215732333 3231088426 15356093 755008 723680 0 0
3315736200 3330687946 14951746 723680 692352 0 0
3415740733 3431111853 15371120 692352 661024 0 0
3515758013 3530744400 14986387 661024 632768 0 4
3615763746 3631445746 15682000 632768 604160 1 6
3715756146 3736545053 20788907 604160 570656 2 16
3815761093 3830995346 15234253 570656 539328 0 0
3915724013 3945475786 29751773 539328 500032 3 36
4015733880 4040479986 24746106 500032 463392 2 24
4115739200 4129654160 13914960 463392 434752 0 0
4215779173 4228283560 12504387 434752 409728 1 2
4315771120 4329543853 13772733 409728 381088 0 0
4415763946 4430777466 15013520 381088 349760 0 0
4515728866 4532287933 16559067 349760 315744 0 0
4615732680 4630963426 15230746 315744 284416 0 0
4715735426 4729577426 13842000 284416 255776 0 0
4815779266 4831422893 15643627 255776 227168 1 6
4915767533 4929669680 13902147 814592 785952 0 0
5015766040 5042354493 26588453 785952 748416 2 28
5115731173 5141344533 25613360 748416 710464 3 24
5215725133 5231473413 15748280 710464 677792 0 0
5315731226 5340798960 25067734 677792 641152 2 24
5415799280 5430333733 14534453 641152 612992 1 4
5515771133 5531444666 15673533 612992 584384 1 6
5615768346 5630099306 14330960 584384 554400 0 0
5715763333 5731767080 16003747 554400 521728 0 0
5815740840 5831405866 15665026 521728 489056 0 0
5915740773 5931074200 15333427 489056 457728 0 0
Generated frames: 50
Received (and measured) frames: 50
Frame not ready event count (in detector): 0
Frames dropped due to full buffer in detector: 0
Frames processed by detector: 50
Detector stop indicator set: true
Reported missed detector periods (reported by waitForNextPeriod): 0
Detector first release was scheduled for: 5001000001
1014394640 5001000001 0
1114394786 5101000001 0
1214394613 5201000001 0
1314394893 5301000001 0
1414394613 5401000001 0
1514394626 5501000001 0
1614394946 5601000001 0
1714394840 5701000001 0
1814394786 5801000001 0
1914394786 5901000001 0
2014394880 6001000001 0
2114394840 6101000001 0
2214394626 6201000001 0
2314394613 6301000001 0
2414394946 6401000001 0
2514394626 6501000001 0
2614394893 6601000001 0
2714394893 6701000001 0
2814394826 6801000001 0
2914394920 6901000001 0
3014394800 7001000001 0
3114394613 7101000001 0
3214394933 7201000001 0
3314394773 7301000001 0
3414394800 7401000001 0
3514394773 7501000001 0
3614394933 7601000001 0
3714394866 7701000001 0
3814394853 7801000001 0
3914394813 7901000001 0
4014394933 8001000001 0
4114394773 8101000001 0
4214394773 8201000001 0
4314394626 8301000001 0
4414394613 8401000001 0
4514394773 8501000001 0
4614394680 8601000001 0
4714394880 8701000001 0
4814394813 8801000001 0
4914394866 8901000001 0
5014394853 9001000001 0
5114394946 9101000001 0
5214394800 9201000001 0
5314394813 9301000001 0
5414394626 9401000001 0
5514394826 9501000001 0
5614394680 9601000001 0
5714394626 9701000001 0
5814394786 9801000001 0
5914394800 9901000001 0
