Detector: detector priority is 6
Detector: detector period is 100
Detector is finished, processed all frames.
Dumping output [ timeBefore timeAfter timeDifference heapFreeBefore heapFreeAfter detectedCollisions suspectedCollisions ] for 50 recorded detector runs, in ns
407695146 412065520 4370374 814496 804992 1 4
508437720 523408080 14970360 804992 776832 1 4
608439986 632614386 24174400 776832 741536 2 24
708433626 724299146 15865520 741536 708864 0 0
808867840 834615386 25747546 708864 670912 3 24
908868186 935154040 26285854 670912 633376 2 28
1008884226 1022780946 13896720 633376 604736 0 0
1108909400 1124333426 15424026 604736 576128 1 6
1208906493 1223487426 14580933 576128 546144 0 0
1308900880 1323873613 14972733 546144 514816 0 0
1408871760 1424854866 15983106 514816 482144 0 0
1508878520 1524806600 15928080 482144 449472 0 0
1608887853 1623497453 14609600 449472 419488 0 0
1708912680 1721449386 12536706 419488 394464 1 2
1808910266 1822152546 13242280 394464 367168 0 0
1908901680 1933818720 24917040 367168 330528 2 24
2008876160 2041965546 33089386 330528 288544 3 42
2108872280 2123304360 14432080 288544 258560 0 0
2208880626 2229768546 20887920 258560 225056 2 16
2308924226 2324252586 15328360 225056 196448 1 6
2408910373 2424025280 15114907 814592 786336 0 4
2508911480 2523932440 15020960 786336 755008 0 0
2608879200 2624233840 15354640 755008 723680 0 0
2708883520 2723834160 14950640 723680 692352 0 0
2808888066 2824259053 15370987 692352 661024 0 0
2908904893 2923890533 14985640 661024 632768 0 4
3008910800 3024592373 15681573 632768 604160 1 6
3108902880 3129690826 20787946 604160 570656 2 16
3208908253 3224142906 15234653 570656 539328 0 0
3308871066 3338621453 29750387 539328 500032 3 36
3408880893 3433626520 24745627 500032 463392 2 24
3508886666 3522801453 13914787 463392 434752 0 0
3608926466 3621430573 12504107 434752 409728 1 2
3708918480 3722690373 13771893 409728 381088 0 0
3808911640 3823925866 15014226 381088 349760 0 0
3908875946 3925434293 16558347 349760 315744 0 0
4008879920 4024112346 15232426 315744 284416 0 0
4108882293 4122724440 13842147 284416 255776 0 0
4208926240 4224570053 15643813 255776 227168 1 6
4308914360 4322817906 13903546 814592 785952 0 0
4408913106 4435501520 26588414 785952 748416 2 28
4508878373 4534492600 25614227 748416 710464 3 24
4608872520 4624621813 15749293 710464 677792 0 0
4708878280 4733948440 25070160 677792 641152 2 24
4808946786 4823481320 14534534 641152 612992 1 4
4908918240 4924592186 15673946 612992 584384 1 6
5008915773 5023247266 14331493 584384 554400 0 0
5108910666 5124915253 16004587 554400 521728 0 0
5208888373 5224553493 15665120 521728 489056 0 0
5308887946 5324220906 15332960 489056 457728 0 0
Generated frames: 50
Received (and measured) frames: 50
Frame not ready event count (in detector): 0
Frames dropped due to full buffer in detector: 0
Frames processed by detector: 50
Detector stop indicator set: true
Reported missed detector periods (reported by waitForNextPeriod): 0
Detector first release was scheduled for: 3801000001
407541826 3801000001 0
507542093 3901000001 0
607541973 4001000001 0
707541986 4101000001 0
807542026 4201000001 0
907542053 4301000001 0
1007541800 4401000001 0
1107541813 4501000001 0
1207542040 4601000001 0
1307542053 4701000001 0
1407541840 4801000001 0
1507541800 4901000001 0
1607542026 5001000001 0
1707541866 5101000001 0
1807541973 5201000001 0
1907541986 5301000001 0
2007541813 5401000001 0
2107541986 5501000001 0
2207542093 5601000001 0
2307542026 5701000001 0
2407542040 5801000001 0
2507542013 5901000001 0
2607542080 6001000001 0
2707542040 6101000001 0
2807541800 6201000001 0
2907541813 6301000001 0
3007541813 6401000001 0
3107541960 6501000001 0
3207541813 6601000001 0
3307542093 6701000001 0
3407542026 6801000001 0
3507541866 6901000001 0
3607542026 7001000001 0
3707542040 7101000001 0
3807541866 7201000001 0
3907541800 7301000001 0
4007541973 7401000001 0
4107541960 7501000001 0
4207542040 7601000001 0
4307542026 7701000001 0
4407542106 7801000001 0
4507541813 7901000001 0
4607542066 8001000001 0
4707541973 8101000001 0
4807542146 8201000001 0
4907541986 8301000001 0
5007541960 8401000001 0
5107541853 8501000001 0
5207542106 8601000001 0
5307541800 8701000001 0
