Detector: detector priority is 6
Detector: detector period is 100
Detector is finished, processed all frames.
Dumping output [ timeBefore timeAfter timeDifference heapFreeBefore heapFreeAfter detectedCollisions suspectedCollisions ] for 50 recorded detector runs, in ns
286309853 290614213 4304360 814240 804448 1 4
387059560 402334386 15274826 804352 775776 1 4
487061933 511357506 24295573 775680 738688 2 24
587055813 603313333 16257520 738592 705760 0 0
687489546 713425173 25935627 705664 666016 3 24
787489173 813855506 26366333 665920 626432 2 28
887505253 901742800 14237547 626336 597536 0 0
987531480 1003192986 15661506 597440 568288 1 6
1087528520 1102476200 14947680 568192 538048 0 0
1187522906 1202839093 15316187 537952 506464 0 0
1287493640 1303903986 16410346 506368 473536 0 0
1387500480 1403845000 16344520 473440 440608 0 0
1487509346 1502496706 14987360 440512 410368 0 0
1587534733 1600312813 12778080 410272 384960 1 2
1687532346 1701095053 13562707 384864 357408 0 0
1787523360 1812593840 25070480 357312 318976 2 24
1887498253 1920616226 33117973 318880 274048 3 42
1987493813 2002260840 14767027 273952 243808 0 0
2087501960 2108601493 21099533 814528 779840 2 16
2187546026 2203082826 15536800 779744 750592 1 6
2287532040 2302915453 15383413 750496 721952 0 4
2387532826 2402885640 15352814 721856 690368 0 0
2487500680 2503246706 15746026 690272 658784 0 0
2587505066 2602776946 15271880 658688 627200 0 0
2687509613 2703276933 15767320 627104 595616 0 0
2787526840 2802762226 15235386 595520 566976 0 4
2887531933 2903482600 15950667 566880 537728 1 6
2987524613 3008517320 20992707 537632 502944 2 16
3087529906 3103145106 15615200 502848 471360 0 0
3187493160 3217292280 29799120 471264 429504 3 36
3287502400 3312372773 24870373 429408 391072 2 24
3387507973 3401765493 14257520 390976 362176 0 0
3487548640 3500281560 12732920 362080 336768 1 2
3587540773 3601634680 14093907 336672 307872 0 0
3687533800 3702895333 15361533 307776 276288 0 0
3787498040 3804488066 16990026 276192 242016 0 0
3887501960 3903126546 15624586 814528 783040 0 0
3987504453 4001685066 14180613 782944 754144 0 0
4087547973 4103468626 15920653 754048 724896 1 6
4187536173 4201782013 14245840 724800 696000 0 0
4287535106 4314256293 26721187 695904 656416 2 28
4387500320 4413303120 25802800 656320 616672 3 24
4487493946 4503612866 16118920 616576 583744 0 0
4587500240 4612744360 25244120 583648 545312 2 24
4687568213 4702326466 14758253 545216 516640 1 4
4787540093 4803471653 15931560 516544 487392 1 6
4887537346 4902175866 14638520 487296 457152 0 0
4987532720 5003944706 16411986 457056 424224 0 0
5087509920 5103522546 16012626 424128 391296 0 0
5187509786 5203233733 15723947 391200 359712 0 0
Generated frames: 50
Received (and measured) frames: 50
Frame not ready event count (in detector): 0
Frames dropped due to full buffer in detector: 0
Frames processed by detector: 50
Detector stop indicator set: true
Reported missed detector periods (reported by waitForNextPeriod): 0
Detector first release was scheduled for: 4294970701000001
286156880 4294970701000001 0
386156760 4294970801000001 0
486156813 4294970901000001 0
586156800 4294971001000001 0
686156746 4294971101000001 0
786156586 4294971201000001 0
886156546 4294971301000001 0
986156746 4294971401000001 0
1086156586 4294971501000001 0
1186156840 4294971601000001 0
1286156773 4294971701000001 0
1386156746 4294971801000001 0
1486156546 4294971901000001 0
1586156760 4294972001000001 0
1686156586 4294972101000001 0
1786156773 4294972201000001 0
1886156546 4294972301000001 0
1986156840 4294972401000001 0
2086156600 4294972501000001 0
2186156813 4294972601000001 0
2286156840 4294972701000001 0
2386156626 4294972801000001 0
2486156733 4294972901000001 0
2586156760 4294973001000001 0
2686156746 4294973101000001 0
2786156813 4294973201000001 0
2886156546 4294973301000001 0
2986156533 4294973401000001 0
3086156800 4294973501000001 0
3186156840 4294973601000001 0
3286156840 4294973701000001 0
3386156573 4294973801000001 0
3486156813 4294973901000001 0
3586156773 4294974001000001 0
3686156786 4294974101000001 0
3786156800 4294974201000001 0
3886156813 4294974301000001 0
3986156826 4294974401000001 0
4086156786 4294974501000001 0
4186156706 4294974601000001 0
4286156853 4294974701000001 0
4386156866 4294974801000001 0
4486156760 4294974901000001 0
4586156786 4294975001000001 0
4686156573 4294975101000001 0
4786156733 4294975201000001 0
4886156733 4294975301000001 0
4986156773 4294975401000001 0
5086156746 4294975501000001 0
5186156826 4294975601000001 0
