Detector: detector priority is 6
Detector: detector period is 100
Detector is finished, processed all frames.
Dumping output [ timeBefore timeAfter timeDifference heapFreeBefore heapFreeAfter detectedCollisions suspectedCollisions ] for 50 recorded detector runs, in ns
288825813 293081293 4255480 814240 804448 1 4
389574586 404749746 15175160 804352 775776 1 4
489576933 513739800 24162867 775680 738688 2 24
589570893 605740986 16170093 738592 705760 0 0
690005893 715802373 25796480 705664 666016 3 24
790005960 816241640 26235680 665920 626432 2 28
890022240 904184986 14162746 626336 597536 0 0
990047586 1005635413 15587827 597440 568288 1 6
1090044906 1104914360 14869454 568192 538048 0 0
1190039240 1205281173 15241933 537952 506464 0 0
1290010053 1306325826 16315773 506368 473536 0 0
1390016773 1406265360 16248587 473440 440608 0 0
1490025880 1504924173 14898293 440512 410368 0 0
1590051160 1602762973 12711813 410272 384960 1 2
1690048840 1703526066 13477226 384864 357408 0 0
1790039720 1814973000 24933280 357312 318976 2 24
1890014733 1922953120 32938387 318880 274048 3 42
1990010173 2004702853 14692680 273952 243808 0 0
2090018253 2111004133 20985880 814528 779840 2 16
2190062333 2205527880 15465547 779744 750592 1 6
2290048586 2305354160 15305574 750496 721952 0 4
2390049333 2405325680 15276347 721856 690368 0 0
2490016760 2505675773 15659013 690272 658784 0 0
2590021360 2605220880 15199520 658688 627200 0 0
2690026080 2705696320 15670240 627104 595616 0 0
2790043106 2805186106 15143000 595520 566976 0 4
2890048613 2905898613 15850000 566880 537728 1 6
2990041053 3010913600 20872547 537632 502944 2 16
3090045866 3105571733 15525867 502848 471360 0 0
3190009160 3219649306 29640146 471264 429504 3 36
3290018733 3314763480 24744747 429408 391072 2 24
3390024626 3404206906 14182280 390976 362176 0 0
3490064666 3502745320 12680654 362080 336768 1 2
3590056760 3604082280 14025520 336672 307872 0 0
3690049666 3705335746 15286080 307776 276288 0 0
3790014266 3806909693 16895427 276192 242016 0 0
3890018266 3905552640 15534374 814528 783040 0 0
3990020800 4004121853 14101053 782944 754144 0 0
4090064373 4105887213 15822840 754048 724896 1 6
4190052333 4204204866 14152533 724800 696000 0 0
4290051173 4316622600 26571427 695904 656416 2 28
4390016346 4415674640 25658294 656320 616672 3 24
4490010240 4506046053 16035813 616576 583744 0 0
4590016506 4615121040 25104534 583648 545312 2 24
4690084146 4704774640 14690494 545216 516640 1 4
4790056240 4805904853 15848613 516544 487392 1 6
4890053760 4904620426 14566666 487296 457152 0 0
4990048893 5006365760 16316867 457056 424224 0 0
5090026053 5105956906 15930853 424128 391296 0 0
5190025960 5205655880 15629920 391200 359712 0 0
Generated frames: 50
Received (and measured) frames: 50
Frame not ready event count (in detector): 0
Frames dropped due to full buffer in detector: 0
Frames processed by detector: 50
Detector stop indicator set: true
Reported missed detector periods (reported by waitForNextPeriod): 0
Detector first release was scheduled for: 4294970701000001
288674053 4294970701000001 0
388674173 4294970801000001 0
488674120 4294970901000001 0
588674226 4294971001000001 0
688674080 4294971101000001 0
788674080 4294971201000001 0
888674186 4294971301000001 0
988674173 4294971401000001 0
1088674133 4294971501000001 0
1188674093 4294971601000001 0
1288674186 4294971701000001 0
1388674146 4294971801000001 0
1488674053 4294971901000001 0
1588674253 4294972001000001 0
1688674120 4294972101000001 0
1788674133 4294972201000001 0
1888674106 4294972301000001 0
1988674093 4294972401000001 0
2088674040 4294972501000001 0
2188674213 4294972601000001 0
2288674093 4294972701000001 0
2388674146 4294972801000001 0
2488674160 4294972901000001 0
2588674200 4294973001000001 0
2688674160 4294973101000001 0
2788674280 4294973201000001 0
2888674146 4294973301000001 0
2988674173 4294973401000001 0
3088674213 4294973501000001 0
3188674106 4294973601000001 0
3288674106 4294973701000001 0
3388674280 4294973801000001 0
3488674146 4294973901000001 0
3588674173 4294974001000001 0
3688674146 4294974101000001 0
3788674133 4294974201000001 0
3888674133 4294974301000001 0
3988674240 4294974401000001 0
4088674120 4294974501000001 0
4188674133 4294974601000001 0
4288674173 4294974701000001 0
4388674106 4294974801000001 0
4488674040 4294974901000001 0
4588674146 4294975001000001 0
4688674133 4294975101000001 0
4788674173 4294975201000001 0
4888674200 4294975301000001 0
4988674173 4294975401000001 0
5088674160 4294975501000001 0
5188674080 4294975601000001 0
