Detector: detector priority is 6
Detector: detector period is 100
Detector is finished, processed all frames.
Dumping output [ timeBefore timeAfter timeDifference heapFreeBefore heapFreeAfter detectedCollisions suspectedCollisions ] for 50 recorded detector runs, in ns
290715706 294971133 4255427 814240 804448 1 4
391464466 406639706 15175240 804352 775776 1 4
491466800 515629600 24162800 775680 738688 2 24
591460573 607630506 16169933 738592 705760 0 0
691895440 717692186 25796746 705664 666016 3 24
791895786 818132040 26236254 665920 626432 2 28
891911706 906075160 14163454 626336 597536 0 0
991937453 1007525666 15588213 597440 568288 1 6
1091934440 1106803360 14868920 568192 538048 0 0
1191929133 1207170013 15240880 537952 506464 0 0
1291899800 1308215480 16315680 506368 473536 0 0
1391906586 1408155266 16248680 473440 440608 0 0
1491916040 1506815186 14899146 440512 410368 0 0
1591940960 1604653600 12712640 410272 384960 1 2
1691938586 1705415213 13476627 384864 357408 0 0
1791929746 1816863040 24933294 357312 318976 2 24
1891904533 1924843506 32938973 318880 274048 3 42
1991900186 2006592213 14692027 273952 243808 0 0
2091908160 2112893933 20985773 814528 779840 2 16
2191952146 2207416600 15464454 779744 750592 1 6
2291938160 2307243973 15305813 750496 721952 0 4
2391939000 2407214400 15275400 721856 690368 0 0
2491907320 2507565560 15658240 690272 658784 0 0
2591911386 2607110640 15199254 658688 627200 0 0
2691915986 2707586493 15670507 627104 595616 0 0
2791932800 2807076746 15143946 595520 566976 0 4
2891938266 2907788000 15849734 566880 537728 1 6
2991930786 3012803826 20873040 537632 502944 2 16
3091936040 3107461386 15525346 502848 471360 0 0
3191898866 3221539573 29640707 471264 429504 3 36
3291908480 3316653080 24744600 429408 391072 2 24
3391914680 3406096826 14182146 390976 362176 0 0
3491954640 3504634653 12680013 362080 336768 1 2
3591946640 3605972240 14025600 336672 307872 0 0
3691939706 3707225946 15286240 307776 276288 0 0
3791904066 3808799600 16895534 276192 242016 0 0
3891907866 3907441973 15534107 814528 783040 0 0
3991910586 4006011293 14100707 782944 754144 0 0
4091954133 4107776186 15822053 754048 724896 1 6
4191942333 4206095653 14153320 724800 696000 0 0
4291941213 4318513480 26572267 695904 656416 2 28
4391905853 4417566253 25660400 656320 616672 3 24
4491900173 4507935240 16035067 616576 583744 0 0
4591906240 4617010933 25104693 583648 545312 2 24
4691974146 4706665000 14690854 545216 516640 1 4
4791946120 4807794400 15848280 516544 487392 1 6
4891943440 4906510920 14567480 487296 457152 0 0
4991938773 5008255320 16316547 457056 424224 0 0
5091915880 5107845666 15929786 424128 391296 0 0
5191915960 5207546586 15630626 391200 359712 0 0
Generated frames: 50
Received (and measured) frames: 50
Frame not ready event count (in detector): 0
Frames dropped due to full buffer in detector: 0
Frames processed by detector: 50
Detector stop indicator set: true
Reported missed detector periods (reported by waitForNextPeriod): 0
Detector first release was scheduled for: 4294970701000001
290563960 4294970701000001 0
390564066 4294970801000001 0
490563986 4294970901000001 0
590564093 4294971001000001 0
690564053 4294971101000001 0
790564026 4294971201000001 0
890564026 4294971301000001 0
990563960 4294971401000001 0
1090564026 4294971501000001 0
1190563946 4294971601000001 0
1290564066 4294971701000001 0
1390564026 4294971801000001 0
1490564026 4294971901000001 0
1590564080 4294972001000001 0
1690563973 4294972101000001 0
1790564093 4294972201000001 0
1890563906 4294972301000001 0
1990564013 4294972401000001 0
2090563933 4294972501000001 0
2190564013 4294972601000001 0
2290563986 4294972701000001 0
2390563933 4294972801000001 0
2490564040 4294972901000001 0
2590564013 4294973001000001 0
2690563960 4294973101000001 0
2790563986 4294973201000001 0
2890563960 4294973301000001 0
2990563893 4294973401000001 0
3090564053 4294973501000001 0
3190563893 4294973601000001 0
3290564040 4294973701000001 0
3390564093 4294973801000001 0
3490564000 4294973901000001 0
3590563933 4294974001000001 0
3690563960 4294974101000001 0
3790563946 4294974201000001 0
3890563986 4294974301000001 0
3990564080 4294974401000001 0
4090563946 4294974501000001 0
4190564040 4294974601000001 0
4290563960 4294974701000001 0
4390564013 4294974801000001 0
4490563960 4294974901000001 0
4590563906 4294975001000001 0
4690563960 4294975101000001 0
4790563933 4294975201000001 0
4890564080 4294975301000001 0
4990564000 4294975401000001 0
5090564040 4294975501000001 0
5190563986 4294975601000001 0
