Detector: detector priority is 6
Detector: detector period is 100
Detector is finished, processed all frames.
Dumping output [ timeBefore timeAfter timeDifference heapFreeBefore heapFreeAfter detectedCollisions suspectedCollisions ] for 50 recorded detector runs, in ns
290537800 294793200 4255400 814240 804448 1 4
391286586 406461960 15175374 804352 775776 1 4
491289000 515451613 24162613 775680 738688 2 24
591282640 607452386 16169746 738592 705760 0 0
691717693 717514600 25796907 705664 666016 3 24
791718053 817954586 26236533 665920 626432 2 28
891734080 905896840 14162760 626336 597536 0 0
991759680 1007346786 15587106 597440 568288 1 6
1091757000 1106625960 14868960 568192 538048 0 0
1191751360 1206992826 15241466 537952 506464 0 0
1291721986 1308037813 16315827 506368 473536 0 0
1391728826 1407976520 16247694 473440 440608 0 0
1491737986 1506636133 14898147 440512 410368 0 0
1591763200 1604475946 12712746 410272 384960 1 2
1691760706 1705237866 13477160 384864 357408 0 0
1791751920 1816685733 24933813 357312 318976 2 24
1891726800 1924665480 32938680 318880 274048 3 42
1991722413 2006415133 14692720 273952 243808 0 0
2091730426 2112715146 20984720 814528 779840 2 16
2191774066 2207238893 15464827 779744 750592 1 6
2291760106 2307065346 15305240 750496 721952 0 4
2391761200 2407037066 15275866 721856 690368 0 0
2491728853 2507387000 15658147 690272 658784 0 0
2591733400 2606932520 15199120 658688 627200 0 0
2691738240 2707408493 15670253 627104 595616 0 0
2791755106 2806898906 15143800 595520 566976 0 4
2891760360 2907610426 15850066 566880 537728 1 6
2991752653 3012624973 20872320 537632 502944 2 16
3091758160 3107284453 15526293 502848 471360 0 0
3191721093 3221361813 29640720 471264 429504 3 36
3291730493 3316474893 24744400 429408 391072 2 24
3391736906 3405919200 14182294 390976 362176 0 0
3491776693 3504457426 12680733 362080 336768 1 2
3591768786 3605794626 14025840 336672 307872 0 0
3691762000 3707049426 15287426 307776 276288 0 0
3791726520 3808621840 16895320 276192 242016 0 0
3891730200 3907264973 15534773 814528 783040 0 0
3991732866 4005834386 14101520 782944 754144 0 0
4091776733 4107598573 15821840 754048 724896 1 6
4191764386 4205917720 14153334 724800 696000 0 0
4291763013 4318334306 26571293 695904 656416 2 28
4391728293 4417388240 25659947 656320 616672 3 24
4491722426 4507757426 16035000 616576 583744 0 0
4591728746 4616832880 25104134 583648 545312 2 24
4691796493 4706487173 14690680 545216 516640 1 4
4791768320 4807616493 15848173 516544 487392 1 6
4891765426 4906333720 14568294 487296 457152 0 0
4991760640 5008077680 16317040 457056 424224 0 0
5091738160 5107668640 15930480 424128 391296 0 0
5191738093 5207368106 15630013 391200 359712 0 0
Generated frames: 50
Received (and measured) frames: 50
Frame not ready event count (in detector): 0
Frames dropped due to full buffer in detector: 0
Frames processed by detector: 50
Detector stop indicator set: true
Reported missed detector periods (reported by waitForNextPeriod): 0
Detector first release was scheduled for: 4294970701000001
290386066 4294970701000001 0
390386186 4294970801000001 0
490386133 4294970901000001 0
590386253 4294971001000001 0
690386160 4294971101000001 0
790386226 4294971201000001 0
890386200 4294971301000001 0
990386120 4294971401000001 0
1090386266 4294971501000001 0
1190386240 4294971601000001 0
1290386093 4294971701000001 0
1390386266 4294971801000001 0
1490386133 4294971901000001 0
1590386240 4294972001000001 0
1690386200 4294972101000001 0
1790386173 4294972201000001 0
1890386173 4294972301000001 0
1990386280 4294972401000001 0
2090386186 4294972501000001 0
2190386226 4294972601000001 0
2290386106 4294972701000001 0
2390386160 4294972801000001 0
2490386133 4294972901000001 0
2590386106 4294973001000001 0
2690386240 4294973101000001 0
2790386226 4294973201000001 0
2890386133 4294973301000001 0
2990386093 4294973401000001 0
3090386266 4294973501000001 0
3190386120 4294973601000001 0
3290386213 4294973701000001 0
3390386186 4294973801000001 0
3490386120 4294973901000001 0
3590386213 4294974001000001 0
3690386186 4294974101000001 0
3790386240 4294974201000001 0
3890386213 4294974301000001 0
3990386133 4294974401000001 0
4090386266 4294974501000001 0
4190386160 4294974601000001 0
4290386240 4294974701000001 0
4390386240 4294974801000001 0
4490386226 4294974901000001 0
4590386266 4294975001000001 0
4690386240 4294975101000001 0
4790386213 4294975201000001 0
4890386120 4294975301000001 0
4990386186 4294975401000001 0
5090386240 4294975501000001 0
5190386306 4294975601000001 0
