Detector: detector priority is 6
Detector: detector period is 100
Detector is finished, processed all frames.
Dumping output [ timeBefore timeAfter timeDifference heapFreeBefore heapFreeAfter detectedCollisions suspectedCollisions ] for 50 recorded detector runs, in ns
290981786 295237306 4255520 814240 804448 1 4
391730706 406905546 15174840 804352 775776 1 4
491733053 515896306 24163253 775680 738688 2 24
591726546 607895720 16169174 738592 705760 0 0
692161573 717957893 25796320 705664 666016 3 24
792161906 818397946 26236040 665920 626432 2 28
892178000 906340080 14162080 626336 597536 0 0
992203773 1007791333 15587560 597440 568288 1 6
1092201080 1107069986 14868906 568192 538048 0 0
1192194986 1207436573 15241587 537952 506464 0 0
1292165946 1308481506 16315560 506368 473536 0 0
1392172853 1408421200 16248347 473440 440608 0 0
1492182000 1507080280 14898280 440512 410368 0 0
1592207066 1604918680 12711614 410272 384960 1 2
1692204733 1705681400 13476667 384864 357408 0 0
1792195520 1817128546 24933026 357312 318976 2 24
1892171026 1925110493 32939467 318880 274048 3 42
1992166146 2006858813 14692667 273952 243808 0 0
2092174640 2113159906 20985266 814528 779840 2 16
2192218120 2207683533 15465413 779744 750592 1 6
2292204266 2307509773 15305507 750496 721952 0 4
2392205200 2407481560 15276360 721856 690368 0 0
2492173053 2507831853 15658800 690272 658784 0 0
2592177693 2607376266 15198573 658688 627200 0 0
2692182226 2707853293 15671067 627104 595616 0 0
2792199146 2807342626 15143480 595520 566976 0 4
2892204826 2908054600 15849774 566880 537728 1 6
2992196906 3013070000 20873094 537632 502944 2 16
3092202053 3107728680 15526627 502848 471360 0 0
3192165280 3221805226 29639946 471264 429504 3 36
3292174680 3316919213 24744533 429408 391072 2 24
3392180773 3406363360 14182587 390976 362176 0 0
3492220760 3504901306 12680546 362080 336768 1 2
3592212666 3606238120 14025454 336672 307872 0 0
3692205786 3707492840 15287054 307776 276288 0 0
3792169866 3809065480 16895614 276192 242016 0 0
3892173986 3907708906 15534920 814528 783040 0 0
3992176813 4006278173 14101360 782944 754144 0 0
4092220773 4108043120 15822347 754048 724896 1 6
4192208773 4206361706 14152933 724800 696000 0 0
4292207333 4318779546 26572213 695904 656416 2 28
4392172093 4417831626 25659533 656320 616672 3 24
4492166520 4508201973 16035453 616576 583744 0 0
4592172266 4617276200 25103934 583648 545312 2 24
4692240640 4706931400 14690760 545216 516640 1 4
4792212160 4808060533 15848373 516544 487392 1 6
4892209773 4906777453 14567680 487296 457152 0 0
4992204866 5008520813 16315947 457056 424224 0 0
5092182093 5108112586 15930493 424128 391296 0 0
5192182253 5207811880 15629627 391200 359712 0 0
Generated frames: 50
Received (and measured) frames: 50
Frame not ready event count (in detector): 0
Frames dropped due to full buffer in detector: 0
Frames processed by detector: 50
Detector stop indicator set: true
Reported missed detector periods (reported by waitForNextPeriod): 0
Detector first release was scheduled for: 4294970701000001
290830120 4294970701000001 0
390830173 4294970801000001 0
490830253 4294970901000001 0
590830106 4294971001000001 0
690830080 4294971101000001 0
790830226 4294971201000001 0
890830173 4294971301000001 0
990830186 4294971401000001 0
1090830173 4294971501000001 0
1190830120 4294971601000001 0
1290830160 4294971701000001 0
1390830146 4294971801000001 0
1490830186 4294971901000001 0
1590830186 4294972001000001 0
1690830213 4294972101000001 0
1790830160 4294972201000001 0
1890830146 4294972301000001 0
1990830213 4294972401000001 0
2090830200 4294972501000001 0
2190830173 4294972601000001 0
2290830186 4294972701000001 0
2390830213 4294972801000001 0
2490830146 4294972901000001 0
2590830146 4294973001000001 0
2690830173 4294973101000001 0
2790830146 4294973201000001 0
2890830160 4294973301000001 0
2990830120 4294973401000001 0
3090830146 4294973501000001 0
3190830120 4294973601000001 0
3290830200 4294973701000001 0
3390830253 4294973801000001 0
3490830120 4294973901000001 0
3590830093 4294974001000001 0
3690830066 4294974101000001 0
3790830133 4294974201000001 0
3890830093 4294974301000001 0
3990830186 4294974401000001 0
4090830200 4294974501000001 0
4190830240 4294974601000001 0
4290830120 4294974701000001 0
4390830253 4294974801000001 0
4490830160 4294974901000001 0
4590830093 4294975001000001 0
4690830200 4294975101000001 0
4790830160 4294975201000001 0
4890830226 4294975301000001 0
4990830200 4294975401000001 0
5090830173 4294975501000001 0
5190830226 4294975601000001 0
