Detector: detector priority is 6
Detector: detector period is 100
Detector is finished, processed all frames.
Dumping output [ timeBefore timeAfter timeDifference heapFreeBefore heapFreeAfter detectedCollisions suspectedCollisions ] for 50 recorded detector runs, in ns
286917466 291173133 4255667 814240 804448 1 4
387666093 402840693 15174600 804352 775776 1 4
487668893 511831546 24162653 775680 738688 2 24
587662160 603832306 16170146 738592 705760 0 0
688097186 713894013 25796827 705664 666016 3 24
788097453 814334173 26236720 665920 626432 2 28
888113720 902276013 14162293 626336 597536 0 0
988139186 1003726133 15586947 597440 568288 1 6
1088136480 1103005760 14869280 568192 538048 0 0
1188130733 1203373173 15242440 537952 506464 0 0
1288101800 1304417880 16316080 506368 473536 0 0
1388108720 1404357640 16248920 473440 440608 0 0
1488117800 1503016533 14898733 440512 410368 0 0
1588142653 1600855440 12712787 410272 384960 1 2
1688140226 1701617253 13477027 384864 357408 0 0
1788131533 1813065493 24933960 357312 318976 2 24
1888106426 1921044706 32938280 318880 274048 3 42
1988101853 2002794306 14692453 273952 243808 0 0
2088110026 2109096186 20986160 814528 779840 2 16
2188153613 2203618746 15465133 779744 750592 1 6
2288140000 2303445413 15305413 750496 721952 0 4
2388140866 2403416986 15276120 721856 690368 0 0
2488108853 2503767426 15658573 690272 658784 0 0
2588112853 2603311453 15198600 658688 627200 0 0
2688117573 2703788093 15670520 627104 595616 0 0
2788134893 2803279013 15144120 595520 566976 0 4
2888140266 2903989706 15849440 566880 537728 1 6
2988132706 3009005080 20872374 537632 502944 2 16
3088137813 3103664213 15526400 502848 471360 0 0
3188101026 3217741773 29640747 471264 429504 3 36
3288110093 3312854573 24744480 429408 391072 2 24
3388116186 3402299280 14183094 390976 362176 0 0
3488156306 3500836746 12680440 362080 336768 1 2
3588148666 3602174480 14025814 336672 307872 0 0
3688141626 3703427773 15286147 307776 276288 0 0
3788105826 3805000880 16895054 276192 242016 0 0
3888109720 3903643746 15534026 814528 783040 0 0
3988112333 4002213626 14101293 782944 754144 0 0
4088156093 4103977893 15821800 754048 724896 1 6
4188144386 4202297946 14153560 724800 696000 0 0
4288142453 4314713253 26570800 695904 656416 2 28
4388107946 4413767933 25659987 656320 616672 3 24
4488102466 4504136920 16034454 616576 583744 0 0
4588108280 4613213933 25105653 583648 545312 2 24
4688176306 4702866973 14690667 545216 516640 1 4
4788148040 4803996280 15848240 516544 487392 1 6
4888145320 4902712813 14567493 487296 457152 0 0
4988140200 5004457040 16316840 457056 424224 0 0
5088117506 5104047640 15930134 424128 391296 0 0
5188117506 5203747133 15629627 391200 359712 0 0
Generated frames: 50
Received (and measured) frames: 50
Frame not ready event count (in detector): 0
Frames dropped due to full buffer in detector: 0
Frames processed by detector: 50
Detector stop indicator set: true
Reported missed detector periods (reported by waitForNextPeriod): 0
Detector first release was scheduled for: 4294970701000001
286765733 4294970701000001 0
386765693 4294970801000001 0
486765853 4294970901000001 0
586765706 4294971001000001 0
686765760 4294971101000001 0
786765773 4294971201000001 0
886765746 4294971301000001 0
986765840 4294971401000001 0
1086765840 4294971501000001 0
1186765800 4294971601000001 0
1286765800 4294971701000001 0
1386765800 4294971801000001 0
1486765786 4294971901000001 0
1586765773 4294972001000001 0
1686765773 4294972101000001 0
1786765800 4294972201000001 0
1886765786 4294972301000001 0
1986765693 4294972401000001 0
2086765813 4294972501000001 0
2186765693 4294972601000001 0
2286765773 4294972701000001 0
2386765746 4294972801000001 0
2486765773 4294972901000001 0
2586765733 4294973001000001 0
2686765706 4294973101000001 0
2786765773 4294973201000001 0
2886765826 4294973301000001 0
2986765666 4294973401000001 0
3086765826 4294973501000001 0
3186765746 4294973601000001 0
3286765760 4294973701000001 0
3386765746 4294973801000001 0
3486765680 4294973901000001 0
3586765906 4294974001000001 0
3686765746 4294974101000001 0
3786765746 4294974201000001 0
3886765760 4294974301000001 0
3986765800 4294974401000001 0
4086765786 4294974501000001 0
4186765773 4294974601000001 0
4286765800 4294974701000001 0
4386765773 4294974801000001 0
4486765840 4294974901000001 0
4586765786 4294975001000001 0
4686765813 4294975101000001 0
4786765840 4294975201000001 0
4886765773 4294975301000001 0
4986765800 4294975401000001 0
5086765746 4294975501000001 0
5186765666 4294975601000001 0
