Detector: detector priority is 6
Detector: detector period is 100
Detector is finished, processed all frames.
Dumping output [ timeBefore timeAfter timeDifference heapFreeBefore heapFreeAfter detectedCollisions suspectedCollisions ] for 50 recorded detector runs, in ns
475171760 479514933 4343173 814240 804448 1 4
575920506 591183106 15262600 804352 775776 1 4
675923120 700171533 24248413 775680 738688 2 24
775916546 792174640 16258094 738592 705760 0 0
876350760 902234000 25883240 705664 666016 3 24
976351173 1002673200 26322027 665920 626432 2 28
1076367080 1090617973 14250893 626336 597536 0 0
1176393186 1192067600 15674414 597440 568288 1 6
1276389706 1291346200 14956494 568192 538048 0 0
1376384280 1391714613 15330333 537952 506464 0 0
1476354813 1492758640 16403827 506368 473536 0 0
1576361546 1592698360 16336814 473440 440608 0 0
1676371013 1691357680 14986667 440512 410368 0 0
1776396226 1789196813 12800587 410272 384960 1 2
1876393453 1889959026 13565573 384864 357408 0 0
1976384520 2001404133 25019613 357312 318976 2 24
2076359893 2109383546 33023653 318880 274048 3 42
2176355200 2191135973 14780773 273952 243808 0 0
2276363666 2297435853 21072187 814528 779840 2 16
2376407120 2391959026 15551906 779744 750592 1 6
2476393520 2491786666 15393146 750496 721952 0 4
2576394360 2591757733 15363373 721856 690368 0 0
2676362160 2692109040 15746880 690272 658784 0 0
2776366600 2791653920 15287320 658688 627200 0 0
2876371240 2892130106 15758866 627104 595616 0 0
2976388293 2991619280 15230987 595520 566976 0 4
3076393653 3092331160 15937507 566880 537728 1 6
3176386346 3197345880 20959534 537632 502944 2 16
3276391346 3292004880 15613534 502848 471360 0 0
3376354133 3406079360 29725227 471264 429504 3 36
3476363626 3501194226 24830600 429408 391072 2 24
3576369800 3590640466 14270666 390976 362176 0 0
3676409666 3689177986 12768320 362080 336768 1 2
3776401653 3790514840 14113187 336672 307872 0 0
3876395133 3891769520 15374387 307776 276288 0 0
3976359146 3993342506 16983360 276192 242016 0 0
4076363120 4091985280 15622160 814528 783040 0 0
4176365426 4190554213 14188787 782944 754144 0 0
4276409240 4292319240 15910000 754048 724896 1 6
4376397320 4390637560 14240240 724800 696000 0 0
4476396160 4503053413 26657253 695904 656416 2 28
4576361640 4602106400 25744760 656320 616672 3 24
4676355440 4692479146 16123706 616576 583744 0 0
4776362013 4801552693 25190680 583648 545312 2 24
4876430013 4891208640 14778627 545216 516640 1 4
4976401506 4992337266 15935760 516544 487392 1 6
5076398680 5091054533 14655853 487296 457152 0 0
5176393760 5192797746 16403986 457056 424224 0 0
5276371106 5292388933 16017827 424128 391296 0 0
5376371360 5392088586 15717226 391200 359712 0 0
Generated frames: 50
Received (and measured) frames: 50
Frame not ready event count (in detector): 0
Frames dropped due to full buffer in detector: 0
Frames processed by detector: 50
Detector stop indicator set: true
Reported missed detector periods (reported by waitForNextPeriod): 0
Detector first release was scheduled for: 4294971101000001
475018533 4294971101000001 0
575018573 4294971201000001 0
675018546 4294971301000001 0
775018480 4294971401000001 0
875018586 4294971501000001 0
975018573 4294971601000001 0
1075018546 4294971701000001 0
1175018573 4294971801000001 0
1275018506 4294971901000001 0
1375018613 4294972001000001 0
1475018573 4294972101000001 0
1575018546 4294972201000001 0
1675018653 4294972301000001 0
1775018640 4294972401000001 0
1875018626 4294972501000001 0
1975018600 4294972601000001 0
2075018533 4294972701000001 0
2175018600 4294972801000001 0
2275018653 4294972901000001 0
2375018520 4294973001000001 0
2475018533 4294973101000001 0
2575018506 4294973201000001 0
2675018600 4294973301000001 0
2775018560 4294973401000001 0
2875018560 4294973501000001 0
2975018466 4294973601000001 0
3075018573 4294973701000001 0
3175018546 4294973801000001 0
3275018653 4294973901000001 0
3375018546 4294974001000001 0
3475018533 4294974101000001 0
3575018480 4294974201000001 0
3675018560 4294974301000001 0
3775018533 4294974401000001 0
3875018573 4294974501000001 0
3975018573 4294974601000001 0
4075018533 4294974701000001 0
4175018493 4294974801000001 0
4275018586 4294974901000001 0
4375018680 4294975001000001 0
4475018546 4294975101000001 0
4575018586 4294975201000001 0
4675018560 4294975301000001 0
4775018546 4294975401000001 0
4875018533 4294975501000001 0
4975018586 4294975601000001 0
5075018613 4294975701000001 0
5175018560 4294975801000001 0
5275018586 4294975901000001 0
5375018506 4294976001000001 0
