Detector: detector priority is 6
Detector: detector period is 100
Detector is finished, processed all frames.
Dumping output [ timeBefore timeAfter timeDifference heapFreeBefore heapFreeAfter detectedCollisions suspectedCollisions ] for 50 recorded detector runs, in ns
287743120 292086840 4343720 814240 804448 1 4
388491653 403754586 15262933 804352 775776 1 4
488494173 512743066 24248893 775680 738688 2 24
588487920 604745066 16257146 738592 705760 0 0
688922293 714805226 25882933 705664 666016 3 24
788922320 815244400 26322080 665920 626432 2 28
888938320 903189053 14250733 626336 597536 0 0
988964320 1004640080 15675760 597440 568288 1 6
1088961333 1103918146 14956813 568192 538048 0 0
1188955346 1204285280 15329934 537952 506464 0 0
1288926160 1305329426 16403266 506368 473536 0 0
1388933253 1405269760 16336507 473440 440608 0 0
1488942213 1503929213 14987000 440512 410368 0 0
1588967186 1601766906 12799720 410272 384960 1 2
1688965080 1702529906 13564826 384864 357408 0 0
1788955973 1813974973 25019000 357312 318976 2 24
1888930893 1921955173 33024280 318880 274048 3 42
1988926733 2003706280 14779547 273952 243808 0 0
2088934746 2110007773 21073027 814528 779840 2 16
2188978680 2204530533 15551853 779744 750592 1 6
2288964906 2304357906 15393000 750496 721952 0 4
2388965840 2404329240 15363400 721856 690368 0 0
2488933653 2504680560 15746907 690272 658784 0 0
2588938093 2604224973 15286880 658688 627200 0 0
2688942493 2704700693 15758200 627104 595616 0 0
2788959760 2804190346 15230586 595520 566976 0 4
2888965320 2904902160 15936840 566880 537728 1 6
2988957466 3009917626 20960160 537632 502944 2 16
3088962506 3104576560 15614054 502848 471360 0 0
3188925920 3218651133 29725213 471264 429504 3 36
3288934880 3313766266 24831386 429408 391072 2 24
3388940973 3403211306 14270333 390976 362176 0 0
3488981213 3501749440 12768227 362080 336768 1 2
3588972933 3603086386 14113453 336672 307872 0 0
3688966546 3704341546 15375000 307776 276288 0 0
3788930493 3805913693 16983200 276192 242016 0 0
3888934133 3904556626 15622493 814528 783040 0 0
3988937280 4003126653 14189373 782944 754144 0 0
4088980586 4104890426 15909840 754048 724896 1 6
4188968600 4203209680 14241080 724800 696000 0 0
4288967013 4315623920 26656907 695904 656416 2 28
4388932720 4414677786 25745066 656320 616672 3 24
4488926826 4505049813 16122987 616576 583744 0 0
4588932773 4614122453 25189680 583648 545312 2 24
4689001146 4703779906 14778760 545216 516640 1 4
4788972640 4804907760 15935120 516544 487392 1 6
4888969866 4903625240 14655374 487296 457152 0 0
4988965066 5005369560 16404494 457056 424224 0 0
5088942786 5104960853 16018067 424128 391296 0 0
5188942600 5204659760 15717160 391200 359712 0 0
Generated frames: 50
Received (and measured) frames: 50
Frame not ready event count (in detector): 0
Frames dropped due to full buffer in detector: 0
Frames processed by detector: 50
Detector stop indicator set: true
Reported missed detector periods (reported by waitForNextPeriod): 0
Detector first release was scheduled for: 4294970701000001
287589813 4294970701000001 0
387589906 4294970801000001 0
487589920 4294970901000001 0
587589946 4294971001000001 0
687589973 4294971101000001 0
787589946 4294971201000001 0
887589866 4294971301000001 0
987590026 4294971401000001 0
1087589920 4294971501000001 0
1187589853 4294971601000001 0
1287589880 4294971701000001 0
1387589946 4294971801000001 0
1487589880 4294971901000001 0
1587589906 4294972001000001 0
1687589840 4294972101000001 0
1787589813 4294972201000001 0
1887589933 4294972301000001 0
1987589933 4294972401000001 0
2087589960 4294972501000001 0
2187589893 4294972601000001 0
2287589946 4294972701000001 0
2387589973 4294972801000001 0
2487589853 4294972901000001 0
2587589906 4294973001000001 0
2687589866 4294973101000001 0
2787589826 4294973201000001 0
2887589920 4294973301000001 0
2987589906 4294973401000001 0
3087589880 4294973501000001 0
3187589933 4294973601000001 0
3287589920 4294973701000001 0
3387589973 4294973801000001 0
3487589933 4294973901000001 0
3587589866 4294974001000001 0
3687589933 4294974101000001 0
3787589826 4294974201000001 0
3887589813 4294974301000001 0
3987589960 4294974401000001 0
4087589906 4294974501000001 0
4187589920 4294974601000001 0
4287589920 4294974701000001 0
4387589826 4294974801000001 0
4487589853 4294974901000001 0
4587589933 4294975001000001 0
4687589973 4294975101000001 0
4787589906 4294975201000001 0
4887589826 4294975301000001 0
4987589880 4294975401000001 0
5087589920 4294975501000001 0
5187589933 4294975601000001 0
