Detector: detector priority is 6
Detector: detector period is 100
Detector is finished, processed all frames.
Dumping output [ timeBefore timeAfter timeDifference heapFreeBefore heapFreeAfter detectedCollisions suspectedCollisions ] for 50 recorded detector runs, in ns
288112426 292612840 4500414 814624 805152 1 4
388883893 405068520 16184627 805056 776800 1 4
488884933 514427333 25542400 776704 740032 2 24
588878640 606197880 17319240 739936 707424 0 0
689331466 716623173 27291707 707328 668000 3 24
789331626 817041053 27709427 667904 628736 2 28
889348146 904495200 15147054 628640 600160 0 0
989366866 1005954080 16587214 600064 571232 1 6
1089363453 1105274253 15910800 571136 541312 0 0
1189357946 1205674226 16316280 541216 510048 0 0
1289335213 1306807493 17472280 509952 477440 0 0
1389343133 1406750480 17407347 477344 444832 0 0
1489351600 1505298080 15946480 444736 414912 0 0
1589369333 1602920653 13551320 414816 389824 1 2
1689366773 1703783960 14417187 389728 362592 0 0
1789357360 1815731773 26374413 362496 324480 2 24
1889339786 1924038080 34698294 324384 279872 3 42
1989334600 2005054546 15719946 279776 249952 0 0
2089343626 2111581520 22237894 249856 215488 2 16
2189382106 2205835173 16453067 814912 786080 1 6
2289367733 2305710680 16342947 785984 757760 0 4
2389367626 2405722893 16355267 757664 726496 0 0
2489342840 2506104826 16761986 726400 695232 0 0
2589347933 2605619920 16271987 695136 663968 0 0
2689351520 2706131280 16779760 663872 632704 0 0
2789369933 2805551120 16181187 632608 604384 0 4
2889367826 2906248013 16880187 604288 575456 1 6
2989360320 3011495453 22135133 575360 540992 2 16
3089366480 3105991533 16625053 540896 509728 0 0
3189335213 3220575360 31240147 509632 468192 3 36
3289344946 3315514493 26169547 468096 430080 2 24
3389350800 3404518240 15167440 429984 401504 0 0
3489384253 3502892240 13507987 401408 376416 1 2
3589375533 3604375813 15000280 376320 347840 0 0
3689368813 3705733506 16364693 347744 316576 0 0
3789338213 3807440493 18102280 316480 282624 0 0
3889343320 3905977466 16634146 282528 251360 0 0
3989346146 4004429226 15083080 251264 222784 0 0
4089383360 4106234746 16851386 222688 193856 1 6
4189370480 4204521653 15151173 814912 786432 0 0
4289369560 4317443533 28073973 786336 747168 2 28
4389340480 4416499680 27159200 747072 707744 3 24
4489335240 4506512773 17177533 707648 675136 0 0
4589340800 4615894426 26553626 675040 637024 2 24
4689404813 4705058013 15653200 636928 608672 1 4
4789375546 4806243360 16867814 608576 579744 1 6
4889373240 4904960320 15587080 579648 549824 0 0
4989366400 5006844653 17478253 549728 517216 0 0
5089351320 5106416386 17065066 517120 484608 0 0
5189351226 5206085080 16733854 484512 453344 0 0
Generated frames: 50
Received (and measured) frames: 50
Frame not ready event count (in detector): 0
Frames dropped due to full buffer in detector: 0
Frames processed by detector: 50
Detector stop indicator set: true
Reported missed detector periods (reported by waitForNextPeriod): 0
Detector first release was scheduled for: 4294970701000001
287956946 4294970701000001 0
387956960 4294970801000001 0
487956920 4294970901000001 0
587956986 4294971001000001 0
687956973 4294971101000001 0
787956906 4294971201000001 0
887956866 4294971301000001 0
987956906 4294971401000001 0
1087956960 4294971501000001 0
1187957026 4294971601000001 0
1287956946 4294971701000001 0
1387956920 4294971801000001 0
1487956906 4294971901000001 0
1587956960 4294972001000001 0
1687956880 4294972101000001 0
1787956840 4294972201000001 0
1887956906 4294972301000001 0
1987956960 4294972401000001 0
2087956960 4294972501000001 0
2187956973 4294972601000001 0
2287956906 4294972701000001 0
2387956893 4294972801000001 0
2487956933 4294972901000001 0
2587956986 4294973001000001 0
2687956920 4294973101000001 0
2787956960 4294973201000001 0
2887956920 4294973301000001 0
2987956893 4294973401000001 0
3087956973 4294973501000001 0
3187956880 4294973601000001 0
3287956973 4294973701000001 0
3387956920 4294973801000001 0
3487956906 4294973901000001 0
3587957066 4294974001000001 0
3687956960 4294974101000001 0
3787957026 4294974201000001 0
3887956986 4294974301000001 0
3987956933 4294974401000001 0
4087956840 4294974501000001 0
4187956853 4294974601000001 0
4287956893 4294974701000001 0
4387956960 4294974801000001 0
4487957026 4294974901000001 0
4587956920 4294975001000001 0
4687956906 4294975101000001 0
4787956986 4294975201000001 0
4887956946 4294975301000001 0
4987956946 4294975401000001 0
5087956973 4294975501000001 0
5187956866 4294975601000001 0
