Detector: detector priority is 6
Detector: detector period is 100
Detector is finished, processed all frames.
Dumping output [ timeBefore timeAfter timeDifference heapFreeBefore heapFreeAfter detectedCollisions suspectedCollisions ] for 50 recorded detector runs, in ns
290469506 294969413 4499907 814624 805152 1 4
391241186 407425533 16184347 805056 776800 1 4
491242080 516784360 25542280 776704 740032 2 24
591235453 608554866 17319413 739936 707424 0 0
691688306 718980000 27291694 707328 668000 3 24
791688813 819397506 27708693 667904 628736 2 28
891705466 906852706 15147240 628640 600160 0 0
991723960 1008310946 16586986 600064 571232 1 6
1091720506 1107631600 15911094 571136 541312 0 0
1191714786 1208031546 16316760 541216 510048 0 0
1291691933 1309163600 17471667 509952 477440 0 0
1391700066 1409107600 17407534 477344 444832 0 0
1491708680 1507654040 15945360 444736 414912 0 0
1591726480 1605278560 13552080 414816 389824 1 2
1691723880 1706140800 14416920 389728 362592 0 0
1791714440 1818087226 26372786 362496 324480 2 24
1891696786 1926395480 34698694 324384 279872 3 42
1991691826 2007410746 15718920 279776 249952 0 0
2091700453 2113937880 22237427 249856 215488 2 16
2191739053 2208191973 16452920 814912 786080 1 6
2291724866 2308068146 16343280 785984 757760 0 4
2391724746 2408080413 16355667 757664 726496 0 0
2491699733 2508463106 16763373 726400 695232 0 0
2591704786 2607977066 16272280 695136 663968 0 0
2691708586 2708488373 16779787 663872 632704 0 0
2791726933 2807908200 16181267 632608 604384 0 4
2891725173 2908605573 16880400 604288 575456 1 6
2991717573 3013852360 22134787 575360 540992 2 16
3091723320 3108348093 16624773 540896 509728 0 0
3191692293 3222932120 31239827 509632 468192 3 36
3291701920 3317871733 26169813 468096 430080 2 24
3391707440 3406874840 15167400 429984 401504 0 0
3491741440 3505250066 13508626 401408 376416 1 2
3591732760 3606733213 15000453 376320 347840 0 0
3691726120 3708090653 16364533 347744 316576 0 0
3791695226 3809797866 18102640 316480 282624 0 0
3891700613 3908335333 16634720 282528 251360 0 0
3991703000 4006785840 15082840 251264 222784 0 0
4091740480 4108591560 16851080 222688 193856 1 6
4191727586 4206879013 15151427 814912 786432 0 0
4291726760 4319799586 28072826 786336 747168 2 28
4391697733 4418856000 27158267 747072 707744 3 24
4491692266 4508869520 17177254 707648 675136 0 0
4591698013 4618252213 26554200 675040 637024 2 24
4691761973 4707415466 15653493 636928 608672 1 4
4791732373 4808599333 16866960 608576 579744 1 6
4891730306 4907317546 15587240 579648 549824 0 0
4991723586 5009201893 17478307 549728 517216 0 0
5091708293 5108773040 17064747 517120 484608 0 0
5191708386 5208441866 16733480 484512 453344 0 0
Generated frames: 50
Received (and measured) frames: 50
Frame not ready event count (in detector): 0
Frames dropped due to full buffer in detector: 0
Frames processed by detector: 50
Detector stop indicator set: true
Reported missed detector periods (reported by waitForNextPeriod): 0
Detector first release was scheduled for: 4294970701000001
290313986 4294970701000001 0
390314066 4294970801000001 0
490314053 4294970901000001 0
590313893 4294971001000001 0
690313906 4294971101000001 0
790314026 4294971201000001 0
890313986 4294971301000001 0
990314013 4294971401000001 0
1090314026 4294971501000001 0
1190313946 4294971601000001 0
1290313973 4294971701000001 0
1390313893 4294971801000001 0
1490313933 4294971901000001 0
1590313933 4294972001000001 0
1690314053 4294972101000001 0
1790314000 4294972201000001 0
1890314040 4294972301000001 0
1990313893 4294972401000001 0
2090314080 4294972501000001 0
2190314066 4294972601000001 0
2290313906 4294972701000001 0
2390314040 4294972801000001 0
2490314053 4294972901000001 0
2590313946 4294973001000001 0
2690314000 4294973101000001 0
2790313960 4294973201000001 0
2890314106 4294973301000001 0
2990314013 4294973401000001 0
3090314000 4294973501000001 0
3190314066 4294973601000001 0
3290313973 4294973701000001 0
3390313960 4294973801000001 0
3490313960 4294973901000001 0
3590314066 4294974001000001 0
3690314066 4294974101000001 0
3790313946 4294974201000001 0
3890314013 4294974301000001 0
3990313933 4294974401000001 0
4090313973 4294974501000001 0
4190314160 4294974601000001 0
4290314013 4294974701000001 0
4390314053 4294974801000001 0
4490314026 4294974901000001 0
4590313986 4294975001000001 0
4690313960 4294975101000001 0
4790313960 4294975201000001 0
4890314000 4294975301000001 0
4990313946 4294975401000001 0
5090313946 4294975501000001 0
5190314040 4294975601000001 0
