Detector: detector priority is 6
Detector: detector period is 100
Detector is finished, processed all frames.
Dumping output [ timeBefore timeAfter timeDifference heapFreeBefore heapFreeAfter detectedCollisions suspectedCollisions ] for 50 recorded detector runs, in ns
289575240 294075546 4500306 814624 805152 1 4
390346773 406531746 16184973 805056 776800 1 4
490347786 515889986 25542200 776704 740032 2 24
590341373 607661306 17319933 739936 707424 0 0
690794266 718086906 27292640 707328 668000 3 24
790794653 818503493 27708840 667904 628736 2 28
890811053 905957893 15146840 628640 600160 0 0
990829653 1007416800 16587147 600064 571232 1 6
1090826200 1106737720 15911520 571136 541312 0 0
1190820653 1207137106 16316453 541216 510048 0 0
1290797826 1308270360 17472534 509952 477440 0 0
1390805746 1408212480 17406734 477344 444832 0 0
1490814560 1506760760 15946200 444736 414912 0 0
1590832026 1604383386 13551360 414816 389824 1 2
1690829733 1705246906 14417173 389728 362592 0 0
1790820280 1817193600 26373320 362496 324480 2 24
1890802640 1925501400 34698760 324384 279872 3 42
1990797120 2006516626 15719506 279776 249952 0 0
2090806146 2113044173 22238027 249856 215488 2 16
2190844480 2207297493 16453013 814912 786080 1 6
2290830466 2307173826 16343360 785984 757760 0 4
2390830400 2407185733 16355333 757664 726496 0 0
2490805346 2507568693 16763347 726400 695232 0 0
2590810266 2607081773 16271507 695136 663968 0 0
2690814306 2707594293 16779987 663872 632704 0 0
2790832760 2807013680 16180920 632608 604384 0 4
2890830946 2907710813 16879867 604288 575456 1 6
2990823213 3012958320 22135107 575360 540992 2 16
3090829373 3107454653 16625280 540896 509728 0 0
3190797960 3222038333 31240373 509632 468192 3 36
3290807613 3316978106 26170493 468096 430080 2 24
3390813520 3405980480 15166960 429984 401504 0 0
3490847106 3504355933 13508827 401408 376416 1 2
3590838226 3605838160 14999934 376320 347840 0 0
3690831653 3707196160 16364507 347744 316576 0 0
3790801146 3808904240 18103094 316480 282624 0 0
3890806226 3907441080 16634854 282528 251360 0 0
3990808506 4005891720 15083214 251264 222784 0 0
4090845786 4107697080 16851294 222688 193856 1 6
4190833453 4205984493 15151040 814912 786432 0 0
4290832813 4318905960 28073147 786336 747168 2 28
4390803733 4417961306 27157573 747072 707744 3 24
4490797866 4507975106 17177240 707648 675136 0 0
4590803466 4617357773 26554307 675040 637024 2 24
4690867720 4706520880 15653160 636928 608672 1 4
4790838226 4807706160 16867934 608576 579744 1 6
4890835893 4906423320 15587427 579648 549824 0 0
4990829520 5008308293 17478773 549728 517216 0 0
5090814146 5107879106 17064960 517120 484608 0 0
5190813946 5207547440 16733494 484512 453344 0 0
Generated frames: 50
Received (and measured) frames: 50
Frame not ready event count (in detector): 0
Frames dropped due to full buffer in detector: 0
Frames processed by detector: 50
Detector stop indicator set: true
Reported missed detector periods (reported by waitForNextPeriod): 0
Detector first release was scheduled for: 4294970701000001
289419733 4294970701000001 0
389419773 4294970801000001 0
489419773 4294970901000001 0
589419733 4294971001000001 0
689419760 4294971101000001 0
789419706 4294971201000001 0
889419746 4294971301000001 0
989419786 4294971401000001 0
1089419680 4294971501000001 0
1189419866 4294971601000001 0
1289419840 4294971701000001 0
1389419693 4294971801000001 0
1489419800 4294971901000001 0
1589419826 4294972001000001 0
1689419733 4294972101000001 0
1789419773 4294972201000001 0
1889419666 4294972301000001 0
1989419746 4294972401000001 0
2089419680 4294972501000001 0
2189419760 4294972601000001 0
2289419760 4294972701000001 0
2389419720 4294972801000001 0
2489419746 4294972901000001 0
2589419653 4294973001000001 0
2689419786 4294973101000001 0
2789419760 4294973201000001 0
2889419693 4294973301000001 0
2989419760 4294973401000001 0
3089419800 4294973501000001 0
3189419720 4294973601000001 0
3289419733 4294973701000001 0
3389419733 4294973801000001 0
3489419746 4294973901000001 0
3589419786 4294974001000001 0
3689419813 4294974101000001 0
3789419680 4294974201000001 0
3889419733 4294974301000001 0
3989419693 4294974401000001 0
4089419693 4294974501000001 0
4189419760 4294974601000001 0
4289419680 4294974701000001 0
4389419760 4294974801000001 0
4489419786 4294974901000001 0
4589419706 4294975001000001 0
4689419773 4294975101000001 0
4789419733 4294975201000001 0
4889419733 4294975301000001 0
4989419813 4294975401000001 0
5089419720 4294975501000001 0
5189419760 4294975601000001 0
