Detector: detector priority is 6
Detector: detector period is 100
Detector is finished, processed all frames.
Dumping output [ timeBefore timeAfter timeDifference heapFreeBefore heapFreeAfter detectedCollisions suspectedCollisions ] for 50 recorded detector runs, in ns
475765933 480266360 4500427 814624 805152 1 4
576537146 592722586 16185440 805056 776800 1 4
676538240 702079920 25541680 776704 740032 2 24
776532013 793851013 17319000 739936 707424 0 0
876985026 904277466 27292440 707328 668000 3 24
976985000 1004693693 27708693 667904 628736 2 28
1077001706 1092148240 15146534 628640 600160 0 0
1177020253 1193607626 16587373 600064 571232 1 6
1277016880 1292928280 15911400 571136 541312 0 0
1377011320 1393327773 16316453 541216 510048 0 0
1476988400 1494460680 17472280 509952 477440 0 0
1576996546 1594403906 17407360 477344 444832 0 0
1677005186 1692950013 15944827 444736 414912 0 0
1777022893 1790573480 13550587 414816 389824 1 2
1877019933 1891436973 14417040 389728 362592 0 0
1977011000 2003384760 26373760 362496 324480 2 24
2076993200 2111691986 34698786 324384 279872 3 42
2176988000 2192707226 15719226 279776 249952 0 0
2276997106 2299234160 22237054 249856 215488 2 16
2377035386 2393489266 16453880 814912 786080 1 6
2477021280 2493364013 16342733 785984 757760 0 4
2577021066 2593376320 16355254 757664 726496 0 0
2676995960 2693758653 16762693 726400 695232 0 0
2777001333 2793272733 16271400 695136 663968 0 0
2877005106 2893786026 16780920 663872 632704 0 0
2977023480 2993205040 16181560 632608 604384 0 4
3077021440 3093902146 16880706 604288 575456 1 6
3177013933 3199148893 22134960 575360 540992 2 16
3277019613 3293644600 16624987 540896 509728 0 0
3376988280 3408229466 31241186 509632 468192 3 36
3476998426 3503168266 26169840 468096 430080 2 24
3577004080 3592170880 15166800 429984 401504 0 0
3677037760 3690545213 13507453 401408 376416 1 2
3777029240 3792028933 14999693 376320 347840 0 0
3877022400 3893386760 16364360 347744 316576 0 0
3976991706 3995093813 18102107 316480 282624 0 0
4076996826 4093630280 16633454 282528 251360 0 0
4176999306 4192081920 15082614 251264 222784 0 0
4277036960 4293887986 16851026 222688 193856 1 6
4377024440 4392175840 15151400 814912 786432 0 0
4477023466 4505096960 28073494 786336 747168 2 28
4576994520 4604152653 27158133 747072 707744 3 24
4676988626 4694166333 17177707 707648 675136 0 0
4776994413 4803547906 26553493 675040 637024 2 24
4877058360 4892712480 15654120 636928 608672 1 4
4977028866 4993896973 16868107 608576 579744 1 6
5077026946 5092614000 15587054 579648 549824 0 0
5177019800 5194498013 17478213 549728 517216 0 0
5277004866 5294069840 17064974 517120 484608 0 0
5377004573 5393738373 16733800 484512 453344 0 0
Generated frames: 50
Received (and measured) frames: 50
Frame not ready event count (in detector): 0
Frames dropped due to full buffer in detector: 0
Frames processed by detector: 50
Detector stop indicator set: true
Reported missed detector periods (reported by waitForNextPeriod): 0
Detector first release was scheduled for: 4294971101000001
475610386 4294971101000001 0
575610293 4294971201000001 0
675610306 4294971301000001 0
775610440 4294971401000001 0
875610426 4294971501000001 0
975610306 4294971601000001 0
1075610373 4294971701000001 0
1175610346 4294971801000001 0
1275610440 4294971901000001 0
1375610400 4294972001000001 0
1475610306 4294972101000001 0
1575610493 4294972201000001 0
1675610360 4294972301000001 0
1775610480 4294972401000001 0
1875610333 4294972501000001 0
1975610360 4294972601000001 0
2075610373 4294972701000001 0
2175610373 4294972801000001 0
2275610386 4294972901000001 0
2375610413 4294973001000001 0
2475610360 4294973101000001 0
2575610293 4294973201000001 0
2675610293 4294973301000001 0
2775610426 4294973401000001 0
2875610373 4294973501000001 0
2975610426 4294973601000001 0
3075610373 4294973701000001 0
3175610413 4294973801000001 0
3275610333 4294973901000001 0
3375610400 4294974001000001 0
3475610426 4294974101000001 0
3575610480 4294974201000001 0
3675610413 4294974301000001 0
3775610346 4294974401000001 0
3875610360 4294974501000001 0
3975610426 4294974601000001 0
4075610373 4294974701000001 0
4175610346 4294974801000001 0
4275610480 4294974901000001 0
4375610426 4294975001000001 0
4475610360 4294975101000001 0
4575610413 4294975201000001 0
4675610440 4294975301000001 0
4775610466 4294975401000001 0
4875610413 4294975501000001 0
4975610360 4294975601000001 0
5075610386 4294975701000001 0
5175610360 4294975801000001 0
5275610413 4294975901000001 0
5375610293 4294976001000001 0
