Detector: detector priority is 6
Detector: detector period is 100
Detector is finished, processed all frames.
Dumping output [ timeBefore timeAfter timeDifference heapFreeBefore heapFreeAfter detectedCollisions suspectedCollisions ] for 50 recorded detector runs, in ns
288985106 293538280 4553174 814624 805152 1 4
389755493 406060746 16305253 805056 776800 1 4
489756426 515514626 25758200 776704 740032 2 24
589750226 607212013 17461787 739936 707424 0 0
690202293 717710653 27508360 707328 668000 3 24
790202586 818153426 27950840 667904 628736 2 28
890219400 905490013 15270613 628640 600160 0 0
990237960 1006972946 16734986 600064 571232 1 6
1090234706 1106273746 16039040 571136 541312 0 0
1190229280 1206696080 16466800 541216 510048 0 0
1290206026 1307813813 17607787 509952 477440 0 0
1390213933 1407759880 17545947 477344 444832 0 0
1490222840 1506296533 16073693 444736 414912 0 0
1590240333 1603913026 13672693 414816 389824 1 2
1690237533 1704773840 14536307 389728 362592 0 0
1790228533 1816821480 26592947 362496 324480 2 24
1890210733 1925186840 34976107 324384 279872 3 42
1990205626 2006063213 15857587 279776 249952 0 0
2090214320 2112632493 22418173 249856 215488 2 16
2190253013 2206859826 16606813 814912 786080 1 6
2290238786 2306696866 16458080 785984 757760 0 4
2390238786 2406743133 16504347 757664 726496 0 0
2490213960 2507102946 16888986 726400 695232 0 0
2590218826 2606641253 16422427 695136 663968 0 0
2690222720 2707131320 16908600 663872 632704 0 0
2790241200 2806548226 16307026 632608 604384 0 4
2890239280 2907251840 17012560 604288 575456 1 6
2990231706 3012554320 22322614 575360 540992 2 16
3090237520 3106996053 16758533 540896 509728 0 0
3190206200 3221703040 31496840 509632 468192 3 36
3290216186 3316613800 26397614 468096 430080 2 24
3390221973 3405512653 15290680 429984 401504 0 0
3490255453 3503889293 13633840 401408 376416 1 2
3590246893 3605376453 15129560 376320 347840 0 0
3690240160 3706753493 16513333 347744 316576 0 0
3790209066 3808457973 18248907 316480 282624 0 0
3890214346 3906982360 16768014 282528 251360 0 0
3990216786 4005428493 15211707 251264 222784 0 0
4090254493 4107241026 16986533 222688 193856 1 6
4190241440 4205516586 15275146 814912 786432 0 0
4290240960 4318540973 28300013 786336 747168 2 28
4390211480 4417590920 27379440 747072 707744 3 24
4490206240 4507530240 17324000 707648 675136 0 0
4590211733 4616975160 26763427 675040 637024 2 24
4690275986 4706076266 15800280 636928 608672 1 4
4790246746 4807250493 17003747 608576 579744 1 6
4890244013 4905975613 15731600 579648 549824 0 0
4990237506 5007848960 17611454 549728 517216 0 0
5090222266 5107442120 17219854 517120 484608 0 0
5190222520 5207088946 16866426 484512 453344 0 0
Generated frames: 50
Received (and measured) frames: 50
Frame not ready event count (in detector): 0
Frames dropped due to full buffer in detector: 0
Frames processed by detector: 50
Detector stop indicator set: true
Reported missed detector periods (reported by waitForNextPeriod): 0
Detector first release was scheduled for: 4294970701000001
288828173 4294970701000001 0
388828333 4294970801000001 0
488828306 4294970901000001 0
588828266 4294971001000001 0
688828186 4294971101000001 0
788828293 4294971201000001 0
888828226 4294971301000001 0
988828360 4294971401000001 0
1088828253 4294971501000001 0
1188828266 4294971601000001 0
1288828200 4294971701000001 0
1388828253 4294971801000001 0
1488828266 4294971901000001 0
1588828146 4294972001000001 0
1688828213 4294972101000001 0
1788828146 4294972201000001 0
1888828253 4294972301000001 0
1988828360 4294972401000001 0
2088828200 4294972501000001 0
2188828280 4294972601000001 0
2288828146 4294972701000001 0
2388828186 4294972801000001 0
2488828280 4294972901000001 0
2588828186 4294973001000001 0
2688828266 4294973101000001 0
2788828266 4294973201000001 0
2888828146 4294973301000001 0
2988828293 4294973401000001 0
3088828186 4294973501000001 0
3188828320 4294973601000001 0
3288828293 4294973701000001 0
3388828280 4294973801000001 0
3488828320 4294973901000001 0
3588828253 4294974001000001 0
3688828266 4294974101000001 0
3788828293 4294974201000001 0
3888828200 4294974301000001 0
3988828213 4294974401000001 0
4088828240 4294974501000001 0
4188828213 4294974601000001 0
4288828240 4294974701000001 0
4388828186 4294974801000001 0
4488828146 4294974901000001 0
4588828266 4294975001000001 0
4688828253 4294975101000001 0
4788828280 4294975201000001 0
4888828146 4294975301000001 0
4988828266 4294975401000001 0
5088828186 4294975501000001 0
5188828240 4294975601000001 0
