Detector: detector priority is 6
Detector: detector period is 100
Detector is finished, processed all frames.
Dumping output [ timeBefore timeAfter timeDifference heapFreeBefore heapFreeAfter detectedCollisions suspectedCollisions ] for 50 recorded detector runs, in ns
287683013 292236146 4553133 814624 805152 1 4
388453573 404759000 16305427 805056 776800 1 4
488454480 514213053 25758573 776704 740032 2 24
588447866 605909933 17462067 739936 707424 0 0
688899946 716408360 27508414 707328 668000 3 24
788900600 816851560 27950960 667904 628736 2 28
888917386 904186880 15269494 628640 600160 0 0
988935960 1005671626 16735666 600064 571232 1 6
1088932733 1104971533 16038800 571136 541312 0 0
1188926986 1205394346 16467360 541216 510048 0 0
1288904040 1306512813 17608773 509952 477440 0 0
1388911520 1406457293 17545773 477344 444832 0 0
1488920400 1504994040 16073640 444736 414912 0 0
1588937946 1602610453 13672507 414816 389824 1 2
1688935400 1703471360 14535960 389728 362592 0 0
1788926226 1815518160 26591934 362496 324480 2 24
1888908613 1923884373 34975760 324384 279872 3 42
1988903466 2004761653 15858187 279776 249952 0 0
2088912266 2111331160 22418894 249856 215488 2 16
2188951173 2205557773 16606600 814912 786080 1 6
2288937120 2305395840 16458720 785984 757760 0 4
2388936480 2405440813 16504333 757664 726496 0 0
2488911786 2505801586 16889800 726400 695232 0 0
2588916680 2605340066 16423386 695136 663968 0 0
2688920466 2705828386 16907920 663872 632704 0 0
2788938746 2805245413 16306667 632608 604384 0 4
2888937293 2905949026 17011733 604288 575456 1 6
2988929426 3011252200 22322774 575360 540992 2 16
3088935493 3105694640 16759147 540896 509728 0 0
3188904280 3220401080 31496800 509632 468192 3 36
3288914013 3315312186 26398173 468096 430080 2 24
3388919560 3404209853 15290293 429984 401504 0 0
3488953333 3502587146 13633813 401408 376416 1 2
3588944706 3604074706 15130000 376320 347840 0 0
3688938026 3705451066 16513040 347744 316576 0 0
3788906853 3807156653 18249800 316480 282624 0 0
3888912146 3905680960 16768814 282528 251360 0 0
3988914586 4004126440 15211854 251264 222784 0 0
4088952253 4105939266 16987013 222688 193856 1 6
4188939266 4204214720 15275454 814912 786432 0 0
4288938973 4317239053 28300080 786336 747168 2 28
4388910040 4416289506 27379466 747072 707744 3 24
4488904093 4506229160 17325067 707648 675136 0 0
4588909786 4615674173 26764387 675040 637024 2 24
4688973706 4704774560 15800854 636928 608672 1 4
4788944480 4805949186 17004706 608576 579744 1 6
4888942253 4904674253 15732000 579648 549824 0 0
4988935306 5006547173 17611867 549728 517216 0 0
5088919786 5106139640 17219854 517120 484608 0 0
5188920320 5205787186 16866866 484512 453344 0 0
Generated frames: 50
Received (and measured) frames: 50
Frame not ready event count (in detector): 0
Frames dropped due to full buffer in detector: 0
Frames processed by detector: 50
Detector stop indicator set: true
Reported missed detector periods (reported by waitForNextPeriod): 0
Detector first release was scheduled for: 4294970701000001
287526106 4294970701000001 0
387526240 4294970801000001 0
487526146 4294970901000001 0
587526133 4294971001000001 0
687526173 4294971101000001 0
787526160 4294971201000001 0
887526013 4294971301000001 0
987526146 4294971401000001 0
1087526240 4294971501000001 0
1187526066 4294971601000001 0
1287526213 4294971701000001 0
1387526013 4294971801000001 0
1487526120 4294971901000001 0
1587526133 4294972001000001 0
1687526080 4294972101000001 0
1787526093 4294972201000001 0
1887526213 4294972301000001 0
1987526146 4294972401000001 0
2087526173 4294972501000001 0
2187526106 4294972601000001 0
2287526213 4294972701000001 0
2387526080 4294972801000001 0
2487526200 4294972901000001 0
2587526053 4294973001000001 0
2687526106 4294973101000001 0
2787526080 4294973201000001 0
2887526106 4294973301000001 0
2987526106 4294973401000001 0
3087526173 4294973501000001 0
3187526013 4294973601000001 0
3287526213 4294973701000001 0
3387526160 4294973801000001 0
3487526093 4294973901000001 0
3587526080 4294974001000001 0
3687526093 4294974101000001 0
3787526080 4294974201000001 0
3887526173 4294974301000001 0
3987526120 4294974401000001 0
4087526106 4294974501000001 0
4187526013 4294974601000001 0
4287526200 4294974701000001 0
4387526160 4294974801000001 0
4487526200 4294974901000001 0
4587526146 4294975001000001 0
4687526053 4294975101000001 0
4787526120 4294975201000001 0
4887526213 4294975301000001 0
4987526146 4294975401000001 0
5087526093 4294975501000001 0
5187526133 4294975601000001 0
