Detector: detector priority is 6
Detector: detector period is 100
Detector is finished, processed all frames.
Dumping output [ timeBefore timeAfter timeDifference heapFreeBefore heapFreeAfter detectedCollisions suspectedCollisions ] for 50 recorded detector runs, in ns
474267480 478820386 4552906 814624 805152 1 4
575037760 591343013 16305253 805056 776800 1 4
675038946 700797280 25758334 776704 740032 2 24
775032520 792494120 17461600 739936 707424 0 0
875484733 902993560 27508827 707328 668000 3 24
975484986 1003435360 27950374 667904 628736 2 28
1075501613 1090771280 15269667 628640 600160 0 0
1175520173 1192256040 16735867 600064 571232 1 6
1275516960 1291554960 16038000 571136 541312 0 0
1375511586 1391977946 16466360 541216 510048 0 0
1475488400 1493097200 17608800 509952 477440 0 0
1575496160 1593041226 17545066 477344 444832 0 0
1675504573 1691578253 16073680 444736 414912 0 0
1775522560 1789196200 13673640 414816 389824 1 2
1875520093 1890056253 14536160 389728 362592 0 0
1975510600 2002102426 26591826 362496 324480 2 24
2075493026 2110468693 34975667 324384 279872 3 42
2175487946 2191345960 15858014 279776 249952 0 0
2275496800 2297915293 22418493 249856 215488 2 16
2375535200 2392142066 16606866 814912 786080 1 6
2475521226 2491979826 16458600 785984 757760 0 4
2575521000 2592024853 16503853 757664 726496 0 0
2675496000 2692385493 16889493 726400 695232 0 0
2775501613 2791925360 16423747 695136 663968 0 0
2875505026 2892413453 16908427 663872 632704 0 0
2975523653 2991829653 16306000 632608 604384 0 4
3075521666 3092533360 17011694 604288 575456 1 6
3175513973 3197837053 22323080 575360 540992 2 16
3275520013 3292279720 16759707 540896 509728 0 0
3375488453 3406986360 31497907 509632 468192 3 36
3475498373 3501897106 26398733 468096 430080 2 24
3575504360 3590794573 15290213 429984 401504 0 0
3675538173 3689171840 13633667 401408 376416 1 2
3775528906 3790659426 15130520 376320 347840 0 0
3875522560 3892035680 16513120 347744 316576 0 0
3975491600 3993740440 18248840 316480 282624 0 0
4075496493 4092264573 16768080 282528 251360 0 0
4175498946 4190710946 15212000 251264 222784 0 0
4275536840 4292523906 16987066 222688 193856 1 6
4375523893 4390798986 15275093 814912 786432 0 0
4475523560 4503823840 28300280 786336 747168 2 28
4575494506 4602872853 27378347 747072 707744 3 24
4675488746 4692814080 17325334 707648 675136 0 0
4775493906 4802258200 26764294 675040 637024 2 24
4875558573 4891359493 15800920 636928 608672 1 4
4975529053 4992533613 17004560 608576 579744 1 6
5075526413 5091258360 15731947 579648 549824 0 0
5175519773 5193131453 17611680 549728 517216 0 0
5275504666 5292724586 17219920 517120 484608 0 0
5375504786 5392371386 16866600 484512 453344 0 0
Generated frames: 50
Received (and measured) frames: 50
Frame not ready event count (in detector): 0
Frames dropped due to full buffer in detector: 0
Frames processed by detector: 50
Detector stop indicator set: true
Reported missed detector periods (reported by waitForNextPeriod): 0
Detector first release was scheduled for: 4294971101000001
474110640 4294971101000001 0
574110706 4294971201000001 0
674110653 4294971301000001 0
774110680 4294971401000001 0
874110653 4294971501000001 0
974110573 4294971601000001 0
1074110560 4294971701000001 0
1174110600 4294971801000001 0
1274110506 4294971901000001 0
1374110640 4294972001000001 0
1474110653 4294972101000001 0
1574110546 4294972201000001 0
1674110573 4294972301000001 0
1774110680 4294972401000001 0
1874110706 4294972501000001 0
1974110560 4294972601000001 0
2074110680 4294972701000001 0
2174110613 4294972801000001 0
2274110506 4294972901000001 0
2374110626 4294973001000001 0
2474110506 4294973101000001 0
2574110560 4294973201000001 0
2674110626 4294973301000001 0
2774110800 4294973401000001 0
2874110746 4294973501000001 0
2974110506 4294973601000001 0
3074110546 4294973701000001 0
3174110546 4294973801000001 0
3274110600 4294973901000001 0
3374110640 4294974001000001 0
3474110600 4294974101000001 0
3574110666 4294974201000001 0
3674110653 4294974301000001 0
3774110506 4294974401000001 0
3874110640 4294974501000001 0
3974110626 4294974601000001 0
4074110506 4294974701000001 0
4174110600 4294974801000001 0
4274110653 4294974901000001 0
4374110626 4294975001000001 0
4474110720 4294975101000001 0
4574110640 4294975201000001 0
4674110600 4294975301000001 0
4774110586 4294975401000001 0
4874110640 4294975501000001 0
4974110706 4294975601000001 0
5074110573 4294975701000001 0
5174110666 4294975801000001 0
5274110586 4294975901000001 0
5374110640 4294976001000001 0
