Detector: detector priority is 6
Detector: detector period is 100
Detector is finished, processed all frames.
Dumping output [ timeBefore timeAfter timeDifference heapFreeBefore heapFreeAfter detectedCollisions suspectedCollisions ] for 50 recorded detector runs, in ns
291123906 295624026 4500120 814624 805152 1 4
391895213 408079093 16183880 805056 776800 1 4
491896200 517439000 25542800 776704 740032 2 24
591889733 609208560 17318827 739936 707424 0 0
692342640 719635026 27292386 707328 668000 3 24
792343120 820052346 27709226 667904 628736 2 28
892359546 907506973 15147427 628640 600160 0 0
992378053 1008965200 16587147 600064 571232 1 6
1092374746 1108286640 15911894 571136 541312 0 0
1192368893 1208685226 16316333 541216 510048 0 0
1292346293 1309818266 17471973 509952 477440 0 0
1392354346 1409761506 17407160 477344 444832 0 0
1492363013 1508308560 15945547 444736 414912 0 0
1592380613 1605931666 13551053 414816 389824 1 2
1692377986 1706795000 14417014 389728 362592 0 0
1792369026 1818741253 26372227 362496 324480 2 24
1892350866 1927049426 34698560 324384 279872 3 42
1992346066 2008066000 15719934 279776 249952 0 0
2092354893 2114592546 22237653 249856 215488 2 16
2192393280 2208846760 16453480 814912 786080 1 6
2292379506 2308723146 16343640 785984 757760 0 4
2392378946 2408734146 16355200 757664 726496 0 0
2492353640 2509115866 16762226 726400 695232 0 0
2592359173 2608630133 16270960 695136 663968 0 0
2692362760 2709142733 16779973 663872 632704 0 0
2792381026 2808562520 16181494 632608 604384 0 4
2892379306 2909258920 16879614 604288 575456 1 6
2992371826 3014507186 22135360 575360 540992 2 16
3092377533 3109003653 16626120 540896 509728 0 0
3192346413 3223587346 31240933 509632 468192 3 36
3292356200 3318526520 26170320 468096 430080 2 24
3392362186 3407529373 15167187 429984 401504 0 0
3492395960 3505903946 13507986 401408 376416 1 2
3592386760 3607386546 14999786 376320 347840 0 0
3692380080 3708744333 16364253 347744 316576 0 0
3792349560 3810451453 18101893 316480 282624 0 0
3892354680 3908989093 16634413 282528 251360 0 0
3992357213 4007439906 15082693 251264 222784 0 0
4092394066 4109245866 16851800 222688 193856 1 6
4192382053 4207533426 15151373 814912 786432 0 0
4292381653 4320455013 28073360 786336 747168 2 28
4392352466 4419511293 27158827 747072 707744 3 24
4492346626 4509525040 17178414 707648 675136 0 0
4592351986 4618906213 26554227 675040 637024 2 24
4692416013 4708069000 15652987 636928 608672 1 4
4792386973 4809255426 16868453 608576 579744 1 6
4892384573 4907971640 15587067 579648 549824 0 0
4992377826 5009855053 17477227 549728 517216 0 0
5092362560 5109427933 17065373 517120 484608 0 0
5192362546 5209096266 16733720 484512 453344 0 0
Generated frames: 50
Received (and measured) frames: 50
Frame not ready event count (in detector): 0
Frames dropped due to full buffer in detector: 0
Frames processed by detector: 50
Detector stop indicator set: true
Reported missed detector periods (reported by waitForNextPeriod): 0
Detector first release was scheduled for: 4294970701000001
290968293 4294970701000001 0
390968200 4294970801000001 0
490968200 4294970901000001 0
590968293 4294971001000001 0
690968200 4294971101000001 0
790968293 4294971201000001 0
890968226 4294971301000001 0
990968200 4294971401000001 0
1090968226 4294971501000001 0
1190968146 4294971601000001 0
1290968266 4294971701000001 0
1390968133 4294971801000001 0
1490968306 4294971901000001 0
1590968213 4294972001000001 0
1690968226 4294972101000001 0
1790968333 4294972201000001 0
1890968266 4294972301000001 0
1990968266 4294972401000001 0
2090968333 4294972501000001 0
2190968320 4294972601000001 0
2290968320 4294972701000001 0
2390968253 4294972801000001 0
2490968200 4294972901000001 0
2590968306 4294973001000001 0
2690968146 4294973101000001 0
2790968200 4294973201000001 0
2890968280 4294973301000001 0
2990968320 4294973401000001 0
3090968173 4294973501000001 0
3190968306 4294973601000001 0
3290968200 4294973701000001 0
3390968280 4294973801000001 0
3490968240 4294973901000001 0
3590968240 4294974001000001 0
3690968160 4294974101000001 0
3790968213 4294974201000001 0
3890968253 4294974301000001 0
3990968146 4294974401000001 0
4090968173 4294974501000001 0
4190968200 4294974601000001 0
4290968346 4294974701000001 0
4390968266 4294974801000001 0
4490968293 4294974901000001 0
4590968213 4294975001000001 0
4690968253 4294975101000001 0
4790968200 4294975201000001 0
4890968240 4294975301000001 0
4990968346 4294975401000001 0
5090968253 4294975501000001 0
5190968146 4294975601000001 0
