Detector: detector priority is 6
Detector: detector period is 100
Detector is finished, processed all frames.
Dumping output [ timeBefore timeAfter timeDifference heapFreeBefore heapFreeAfter detectedCollisions suspectedCollisions ] for 50 recorded detector runs, in ns
286589426 291142306 4552880 814624 805152 1 4
387359520 403664600 16305080 805056 776800 1 4
487360866 513118933 25758067 776704 740032 2 24
587354146 604815760 17461614 739936 707424 0 0
687806306 715315613 27509307 707328 668000 3 24
787806720 815758346 27951626 667904 628736 2 28
887823666 903093280 15269614 628640 600160 0 0
987842213 1004578040 16735827 600064 571232 1 6
1087838800 1103877413 16038613 571136 541312 0 0
1187833346 1204299800 16466454 541216 510048 0 0
1287810186 1305418840 17608654 509952 477440 0 0
1387818173 1405364226 17546053 477344 444832 0 0
1487827013 1503900546 16073533 444736 414912 0 0
1587844466 1601517226 13672760 414816 389824 1 2
1687841733 1702377440 14535707 389728 362592 0 0
1787832706 1814424026 26591320 362496 324480 2 24
1887815226 1922790733 34975507 324384 279872 3 42
1987809706 2003668240 15858534 279776 249952 0 0
2087818853 2110237173 22418320 249856 215488 2 16
2187857240 2204464226 16606986 814912 786080 1 6
2287843093 2304300880 16457787 785984 757760 0 4
2387843160 2404347360 16504200 757664 726496 0 0
2487817960 2504707053 16889093 726400 695232 0 0
2587823053 2604246400 16423347 695136 663968 0 0
2687826800 2704734373 16907573 663872 632704 0 0
2787845226 2804151026 16305800 632608 604384 0 4
2887843400 2904854906 17011506 604288 575456 1 6
2987836040 3010158280 22322240 575360 540992 2 16
3087841653 3104600440 16758787 540896 509728 0 0
3187810160 3219306786 31496626 509632 468192 3 36
3287819706 3314218146 26398440 468096 430080 2 24
3387825453 3403115733 15290280 429984 401504 0 0
3487859853 3501493093 13633240 401408 376416 1 2
3587851266 3602981440 15130174 376320 347840 0 0
3687844240 3704356440 16512200 347744 316576 0 0
3787813293 3806061666 18248373 316480 282624 0 0
3887818720 3904585933 16767213 282528 251360 0 0
3987820933 4003032973 15212040 251264 222784 0 0
4087858520 4104844506 16985986 222688 193856 1 6
4187845973 4203120920 15274947 814912 786432 0 0
4287845093 4316144226 28299133 786336 747168 2 28
4387816480 4415194520 27378040 747072 707744 3 24
4487810253 4505134920 17324667 707648 675136 0 0
4587816173 4614579320 26763147 675040 637024 2 24
4687880426 4703680600 15800174 636928 608672 1 4
4787850853 4804854480 17003627 608576 579744 1 6
4887848426 4903580200 15731774 579648 549824 0 0
4987842053 5005454080 17612027 549728 517216 0 0
5087826533 5105045333 17218800 517120 484608 0 0
5187826693 5204693893 16867200 484512 453344 0 0
Generated frames: 50
Received (and measured) frames: 50
Frame not ready event count (in detector): 0
Frames dropped due to full buffer in detector: 0
Frames processed by detector: 50
Detector stop indicator set: true
Reported missed detector periods (reported by waitForNextPeriod): 0
Detector first release was scheduled for: 4294970701000001
286432546 4294970701000001 0
386432453 4294970801000001 0
486432586 4294970901000001 0
586432413 4294971001000001 0
686432400 4294971101000001 0
786432493 4294971201000001 0
886432520 4294971301000001 0
986432573 4294971401000001 0
1086432453 4294971501000001 0
1186432520 4294971601000001 0
1286432466 4294971701000001 0
1386432573 4294971801000001 0
1486432546 4294971901000001 0
1586432546 4294972001000001 0
1686432466 4294972101000001 0
1786432640 4294972201000001 0
1886432533 4294972301000001 0
1986432600 4294972401000001 0
2086432560 4294972501000001 0
2186432586 4294972601000001 0
2286432453 4294972701000001 0
2386432533 4294972801000001 0
2486432560 4294972901000001 0
2586432440 4294973001000001 0
2686432400 4294973101000001 0
2786432520 4294973201000001 0
2886432506 4294973301000001 0
2986432466 4294973401000001 0
3086432546 4294973501000001 0
3186432520 4294973601000001 0
3286432493 4294973701000001 0
3386432453 4294973801000001 0
3486432453 4294973901000001 0
3586432533 4294974001000001 0
3686432506 4294974101000001 0
3786432400 4294974201000001 0
3886432533 4294974301000001 0
3986432533 4294974401000001 0
4086432440 4294974501000001 0
4186432586 4294974601000001 0
4286432493 4294974701000001 0
4386432533 4294974801000001 0
4486432453 4294974901000001 0
4586432480 4294975001000001 0
4686432466 4294975101000001 0
4786432533 4294975201000001 0
4886432506 4294975301000001 0
4986432546 4294975401000001 0
5086432560 4294975501000001 0
5186432493 4294975601000001 0
