Detector: detector priority is 6
Detector: detector period is 100
Detector is finished, processed all frames.
Dumping output [ timeBefore timeAfter timeDifference heapFreeBefore heapFreeAfter detectedCollisions suspectedCollisions ] for 50 recorded detector runs, in ns
288217760 292770653 4552893 814624 805152 1 4
388988080 405293573 16305493 805056 776800 1 4
488989373 514747080 25757707 776704 740032 2 24
588982760 606444973 17462213 739936 707424 0 0
689435240 716943293 27508053 707328 668000 3 24
789435333 817386053 27950720 667904 628736 2 28
889451973 904722373 15270400 628640 600160 0 0
989470506 1006205946 16735440 600064 571232 1 6
1089467280 1105505720 16038440 571136 541312 0 0
1189462000 1205929066 16467066 541216 510048 0 0
1289438613 1307047506 17608893 509952 477440 0 0
1389446680 1406992653 17545973 477344 444832 0 0
1489455093 1505529333 16074240 444736 414912 0 0
1589473346 1603145653 13672307 414816 389824 1 2
1689470360 1704006360 14536000 389728 362592 0 0
1789461200 1816052666 26591466 362496 324480 2 24
1889443493 1924419946 34976453 324384 279872 3 42
1989438493 2005297186 15858693 279776 249952 0 0
2089447106 2111865586 22418480 249856 215488 2 16
2189485666 2206092586 16606920 814912 786080 1 6
2289471560 2305930213 16458653 785984 757760 0 4
2389471306 2405975506 16504200 757664 726496 0 0
2489446426 2506335853 16889427 726400 695232 0 0
2589451773 2605875080 16423307 695136 663968 0 0
2689455346 2706363706 16908360 663872 632704 0 0
2789474013 2805780053 16306040 632608 604384 0 4
2889471786 2906483586 17011800 604288 575456 1 6
2989464453 3011786866 22322413 575360 540992 2 16
3089470213 3106228626 16758413 540896 509728 0 0
3189438800 3220936440 31497640 509632 468192 3 36
3289448573 3315848186 26399613 468096 430080 2 24
3389454573 3404745080 15290507 429984 401504 0 0
3489488280 3503122546 13634266 401408 376416 1 2
3589479360 3604609786 15130426 376320 347840 0 0
3689473013 3705986000 16512987 347744 316576 0 0
3789441706 3807690826 18249120 316480 282624 0 0
3889447013 3906215880 16768867 282528 251360 0 0
3989449253 4004661093 15211840 251264 222784 0 0
4089486813 4106473386 16986573 222688 193856 1 6
4189474173 4204749120 15274947 814912 786432 0 0
4289473720 4317773160 28299440 786336 747168 2 28
4389444746 4416823413 27378667 747072 707744 3 24
4489439026 4506763853 17324827 707648 675136 0 0
4589444760 4616208240 26763480 675040 637024 2 24
4689508520 4705309480 15800960 636928 608672 1 4
4789479320 4806482706 17003386 608576 579744 1 6
4889477000 4905208253 15731253 579648 549824 0 0
4989470266 5007082026 17611760 549728 517216 0 0
5089454746 5106674306 17219560 517120 484608 0 0
5189455173 5206321520 16866347 484512 453344 0 0
Generated frames: 50
Received (and measured) frames: 50
Frame not ready event count (in detector): 0
Frames dropped due to full buffer in detector: 0
Frames processed by detector: 50
Detector stop indicator set: true
Reported missed detector periods (reported by waitForNextPeriod): 0
Detector first release was scheduled for: 4294970701000001
288060866 4294970701000001 0
388060906 4294970801000001 0
488061053 4294970901000001 0
588061013 4294971001000001 0
688060973 4294971101000001 0
788060973 4294971201000001 0
888061000 4294971301000001 0
988060946 4294971401000001 0
1088061013 4294971501000001 0
1188060960 4294971601000001 0
1288060906 4294971701000001 0
1388060866 4294971801000001 0
1488061000 4294971901000001 0
1588061053 4294972001000001 0
1688060906 4294972101000001 0
1788061066 4294972201000001 0
1888060973 4294972301000001 0
1988061066 4294972401000001 0
2088060866 4294972501000001 0
2188061013 4294972601000001 0
2288060866 4294972701000001 0
2388061000 4294972801000001 0
2488060920 4294972901000001 0
2588060946 4294973001000001 0
2688060973 4294973101000001 0
2788061013 4294973201000001 0
2888060960 4294973301000001 0
2988060906 4294973401000001 0
3088061040 4294973501000001 0
3188060880 4294973601000001 0
3288061026 4294973701000001 0
3388060946 4294973801000001 0
3488060866 4294973901000001 0
3588061053 4294974001000001 0
3688060920 4294974101000001 0
3788061013 4294974201000001 0
3888061000 4294974301000001 0
3988061000 4294974401000001 0
4088060933 4294974501000001 0
4188060973 4294974601000001 0
4288061040 4294974701000001 0
4388060866 4294974801000001 0
4488061066 4294974901000001 0
4588061053 4294975001000001 0
4688060973 4294975101000001 0
4788061053 4294975201000001 0
4888061026 4294975301000001 0
4988060946 4294975401000001 0
5088060933 4294975501000001 0
5188060920 4294975601000001 0
