Detector: detector priority is 6
Detector: detector period is 100
Detector is finished, processed all frames.
Dumping output [ timeBefore timeAfter timeDifference heapFreeBefore heapFreeAfter detectedCollisions suspectedCollisions ] for 50 recorded detector runs, in ns
796520886095373 796520886643810 548437 2092192 2082400 1 4
796520987360023 796520988757225 1397202 2082304 2053728 1 4
796521088602620 796521090257537 1654917 2053632 2016640 2 24
796521189802355 796521191429231 1626876 2016544 1983712 0 0
796521291102090 796521292935273 1833183 1983616 1943968 3 24
796521392367160 796521394116310 1749150 1943872 1904384 2 28
796521493675004 796521495075389 1400385 1904288 1875488 0 0
796521594990039 796521596403533 1413494 1875392 1846240 1 6
796521696245383 796521697723896 1478513 1846144 1816000 0 0
796521797199216 796521797765053 565837 1815904 1784416 0 0
796521898322734 796521899954308 1631574 1784320 1751488 0 0
796521999537977 796522001245846 1707869 1751392 1718560 0 0
796522100728016 796522102215966 1487950 1718464 1688320 0 0
796522202068467 796522203274277 1205810 1688224 1662912 1 2
796522303389729 796522304761115 1371386 1662816 1635360 0 0
796522404732176 796522406454589 1722413 1635264 1596928 2 24
796522506025549 796522507946319 1920770 1596832 1552000 3 42
796522607282752 796522608781090 1498338 1551904 1521760 0 0
796522708596661 796522710194250 1597589 1521664 1486976 2 16
796522809859350 796522811225028 1365678 1486880 1457728 1 6
796522911127052 796522912562207 1435155 1457632 1429088 0 4
796523012352190 796523013059461 707271 1428992 1397504 0 0
796523113633635 796523115199557 1565922 1397408 1365920 0 0
796523214888513 796523216470715 1582202 1365824 1334336 0 0
796523316206816 796523317767238 1560422 1334240 1302752 0 0
796523417514356 796523418894632 1380276 2092480 2063936 0 4
796523518772622 796523520184585 1411963 2063840 2034688 1 6
796523619987797 796523621617199 1629402 2034592 1999904 2 16
796523721315319 796523722872992 1557673 1999808 1968320 0 0
796523822566191 796523824421479 1855288 1968224 1926464 3 36
796523923534339 796523924387703 853364 1926368 1888032 2 24
796524024678121 796524026085380 1407259 1887936 1859136 0 0
796524125929131 796524127130041 1200910 1859040 1833728 1 2
796524226863018 796524228295504 1432486 1833632 1804832 0 0
796524328260415 796524329842141 1581726 1804736 1773248 0 0
796524429607757 796524431340784 1733027 1773152 1738976 0 0
796524530889503 796524532482276 1592773 1738880 1707392 0 0
796524632220672 796524633619054 1398382 1707296 1678496 0 0
796524733550858 796524734933863 1383005 1678400 1649248 1 6
796524834892313 796524836320288 1427975 1649152 1620352 0 0
796524936177173 796524937935503 1758330 1620256 1580768 2 28
796525037418784 796525039223221 1804437 1580672 1541024 3 24
796525138608165 796525140276324 1668159 1540928 1508096 0 0
796525239928395 796525241685332 1756937 1508000 1469664 2 24
796525341262469 796525342611650 1349181 1469568 1440992 1 4
796525442552569 796525443928438 1375869 1440896 1411744 1 6
796525543878459 796525545388845 1510386 1411648 1381504 0 0
796525645056663 796525646691493 1634830 1381408 1348576 0 0
796525746160191 796525747784308 1624117 1348480 1315648 0 0
796525847442287 796525849024194 1581907 1315552 1284064 0 0
Generated frames: 50
Received (and measured) frames: 50
Frame not ready event count (in detector): 0
Frames dropped due to full buffer in detector: 0
Frames processed by detector: 50
Detector stop indicator set: true
Reported missed detector periods (reported by waitForNextPeriod): 0
Detector first release was scheduled for: 1593044601000001
796520886068369 1593044601000001 0
796520987339893 1593044701000001 0
796521088593507 1593044801000001 0
796521189793012 1593044901000001 0
796521291093627 1593045001000001 0
796521392357764 1593045101000001 0
796521493666586 1593045201000001 0
796521594982640 1593045301000001 0
796521696238078 1593045401000001 0
796521797194022 1593045501000001 0
796521898305267 1593045601000001 0
796521999526759 1593045701000001 0
796522100717919 1593045801000001 0
796522202058582 1593045901000001 0
796522303380803 1593046001000001 0
796522404724765 1593046101000001 0
796522506017543 1593046201000001 0
796522607272702 1593046301000001 0
796522708589136 1593046401000001 0
796522809851865 1593046501000001 0
796522911119675 1593046601000001 0
796523012344928 1593046701000001 0
796523113616323 1593046801000001 0
796523214878688 1593046901000001 0
796523316199369 1593047001000001 0
796523417506693 1593047101000001 0
796523518765320 1593047201000001 0
796523619980288 1593047301000001 0
796523721307880 1593047401000001 0
796523822556401 1593047501000001 0
796523923527942 1593047601000001 0
796524024668019 1593047701000001 0
796524125917176 1593047801000001 0
796524226855520 1593047901000001 0
796524328252912 1593048001000001 0
796524429598545 1593048101000001 0
796524530880054 1593048201000001 0
796524632211864 1593048301000001 0
796524733542220 1593048401000001 0
796524834884491 1593048501000001 0
796524936169688 1593048601000001 0
796525037408489 1593048701000001 0
796525138586625 1593048801000001 0
796525239919268 1593048901000001 0
796525341254736 1593049001000001 0
796525442543103 1593049101000001 0
796525543870703 1593049201000001 0
796525645042525 1593049301000001 0
796525746152302 1593049401000001 0
796525847434801 1593049501000001 0
