Detector: detector priority is 6
Detector: detector period is 100
Detector is finished, processed all frames.
Dumping output [ timeBefore timeAfter timeDifference heapFreeBefore heapFreeAfter detectedCollisions suspectedCollisions ] for 50 recorded detector runs, in ns
796527764079334 796527764624175 544841 2092192 2082400 1 4
796527865185540 796527866563570 1378030 2082304 2053728 1 4
796527966369139 796527968062940 1693801 2053632 2016640 2 24
796528067683877 796528069345763 1661886 2016544 1983712 0 0
796528168757812 796528170595950 1838138 1983616 1943968 3 24
796528269662660 796528271471906 1809246 1943872 1904384 2 28
796528370930861 796528372375787 1444926 1904288 1875488 0 0
796528472173653 796528473544973 1371320 1875392 1846240 1 6
796528573298580 796528574783556 1484976 1846144 1816000 0 0
796528674548374 796528676120350 1571976 1815904 1784416 0 0
796528775562786 796528777204232 1641446 1784320 1751488 0 0
796528876529335 796528878191632 1662297 1751392 1718560 0 0
796528977809899 796528979346716 1536817 1718464 1688320 0 0
796529079047832 796529080310262 1262430 1688224 1662912 1 2
796529180284678 796529181637078 1352400 1662816 1635360 0 0
796529281528880 796529283259227 1730347 1635264 1596928 2 24
796529382839807 796529384801138 1961331 1596832 1552000 3 42
796529484150467 796529485626465 1475998 1551904 1521760 0 0
796529585369047 796529586979201 1610154 1521664 1486976 2 16
796529686658019 796529688049107 1391088 1486880 1457728 1 6
796529787855917 796529789275176 1419259 1457632 1429088 0 4
796529889047044 796529890592501 1545457 1428992 1397504 0 0
796529990299087 796529991857579 1558492 1397408 1365920 0 0
796530091448759 796530093037905 1589146 1365824 1334336 0 0
796530192700308 796530194265412 1565104 1334240 1302752 0 0
796530293931973 796530295207715 1275742 2092480 2063936 0 4
796530395074309 796530396558740 1484431 2063840 2034688 1 6
796530496278484 796530497922983 1644499 2034592 1999904 2 16
796530597488523 796530599071357 1582834 1999808 1968320 0 0
796530698806197 796530700695641 1889444 1968224 1926464 3 36
796530800132529 796530801871113 1738584 1926368 1888032 2 24
796530901447953 796530902857538 1409585 1887936 1859136 0 0
796531002756141 796531003197380 441239 1859040 1833728 1 2
796531104036686 796531105448081 1411395 1833632 1804832 0 0
796531205333231 796531206907866 1574635 1804736 1773248 0 0
796531306645663 796531308406188 1760525 1773152 1738976 0 0
796531407972892 796531409584065 1611173 1738880 1707392 0 0
796531509224374 796531510653356 1428982 1707296 1678496 0 0
796531610185900 796531611595371 1409471 1678400 1649248 1 6
796531711362135 796531712846218 1484083 1649152 1620352 0 0
796531812653629 796531814454388 1800759 1620256 1580768 2 28
796531913841867 796531915690030 1848163 1580672 1541024 3 24
796532015001521 796532016652982 1651461 1540928 1508096 0 0
796532116115137 796532117861446 1746309 1508000 1469664 2 24
796532217421538 796532218784113 1362575 1469568 1440992 1 4
796532318721262 796532320131703 1410441 1440896 1411744 1 6
796532419971488 796532420786851 815363 1411648 1381504 0 0
796532520954329 796532523079578 2125249 1381408 1348576 0 0
796532622245543 796532623877085 1631542 1348480 1315648 0 0
796532723447447 796532725051697 1604250 1315552 1284064 0 0
Generated frames: 50
Received (and measured) frames: 50
Frame not ready event count (in detector): 0
Frames dropped due to full buffer in detector: 0
Frames processed by detector: 50
Detector stop indicator set: true
Reported missed detector periods (reported by waitForNextPeriod): 0
Detector first release was scheduled for: 1593058401000001
796527764053427 1593058401000001 0
796527865168411 1593058501000001 0
796527966362101 1593058601000001 0
796528067674872 1593058701000001 0
796528168748796 1593058801000001 0
796528269651773 1593058901000001 0
796528370923800 1593059001000001 0
796528472166330 1593059101000001 0
796528573291068 1593059201000001 0
796528674541117 1593059301000001 0
796528775547755 1593059401000001 0
796528876517518 1593059501000001 0
796528977801187 1593059601000001 0
796529079038523 1593059701000001 0
796529180273246 1593059801000001 0
796529281521434 1593059901000001 0
796529382831879 1593060001000001 0
796529484140967 1593060101000001 0
796529585361447 1593060201000001 0
796529686649174 1593060301000001 0
796529787848254 1593060401000001 0
796529889038807 1593060501000001 0
796529990283677 1593060601000001 0
796530091438864 1593060701000001 0
796530192689772 1593060801000001 0
796530293922052 1593060901000001 0
796530395064185 1593061001000001 0
796530496270734 1593061101000001 0
796530597481038 1593061201000001 0
796530698795494 1593061301000001 0
796530800124799 1593061401000001 0
796530901440332 1593061501000001 0
796531002751275 1593061601000001 0
796531103999595 1593061701000001 0
796531205321917 1593061801000001 0
796531306635212 1593061901000001 0
796531407965434 1593062001000001 0
796531509216966 1593062101000001 0
796531610178252 1593062201000001 0
796531711353227 1593062301000001 0
796531812646198 1593062401000001 0
796531913832618 1593062501000001 0
796532014981148 1593062601000001 0
796532116102572 1593062701000001 0
796532217411685 1593062801000001 0
796532318712561 1593062901000001 0
796532419965455 1593063001000001 0
796532520942351 1593063101000001 0
796532622234232 1593063201000001 0
796532723439973 1593063301000001 0
