Detector: detector priority is 6
Detector: detector period is 100
Detector is finished, processed all frames.
Dumping output [ timeBefore timeAfter timeDifference heapFreeBefore heapFreeAfter detectedCollisions suspectedCollisions ] for 50 recorded detector runs, in ns
796534540278258 796534540480379 202121 2092192 2082400 1 4
796534641090867 796534641597696 506829 2082304 2053728 1 4
796534742369966 796534744044131 1674165 2053632 2016640 2 24
796534843264769 796534844921412 1656643 2016544 1983712 0 0
796534944319640 796534946109085 1789445 1983616 1943968 3 24
796535045652523 796535047396442 1743919 1943872 1904384 2 28
796535146849775 796535148312036 1462261 1904288 1875488 0 0
796535248084189 796535249459553 1375364 1875392 1846240 1 6
796535349440761 796535350919045 1478284 1846144 1816000 0 0
796535450684126 796535452257318 1573192 1815904 1784416 0 0
796535551939198 796535553592936 1653738 1784320 1751488 0 0
796535653088039 796535654728874 1640835 1751392 1718560 0 0
796535754428554 796535755911033 1482479 1718464 1688320 0 0
796535855666078 796535856900936 1234858 1688224 1662912 1 2
796535956950864 796535958312976 1362112 1662816 1635360 0 0
796536058088962 796536059847920 1758958 1635264 1596928 2 24
796536159172764 796536161133921 1961157 1596832 1552000 3 42
796536260265158 796536261755865 1490707 1551904 1521760 0 0
796536361555657 796536363159432 1603775 1521664 1486976 2 16
796536462844839 796536464243624 1398785 1486880 1457728 1 6
796536564063238 796536565476121 1412883 1457632 1429088 0 4
796536665358504 796536667425185 2066681 1428992 1397504 0 0
796536766314998 796536766888148 573150 1397408 1365920 0 0
796536867405899 796536868979521 1573622 1365824 1334336 0 0
796536968713264 796536970267323 1554059 1334240 1302752 0 0
796537070022659 796537071402451 1379792 2092480 2063936 0 4
796537171257559 796537172680082 1422523 2063840 2034688 1 6
796537272556789 796537274149786 1592997 2034592 1999904 2 16
796537373887199 796537375435413 1548214 1999808 1968320 0 0
796537475184861 796537477032161 1847300 1968224 1926464 3 36
796537576462261 796537578177543 1715282 1926368 1888032 2 24
796537677741759 796537679144480 1402721 1887936 1859136 0 0
796537779091963 796537780320428 1228465 1859040 1833728 1 2
796537880374540 796537881770176 1395636 1833632 1804832 0 0
796537981587599 796537983126805 1539206 1804736 1773248 0 0
796538082805485 796538084532511 1727026 1773152 1738976 0 0
796538184041908 796538185598790 1556882 1738880 1707392 0 0
796538285271721 796538286674256 1402535 1707296 1678496 0 0
796538386536762 796538387913141 1376379 1678400 1649248 1 6
796538487874168 796538489309930 1435762 1649152 1620352 0 0
796538589130031 796538590879048 1749017 1620256 1580768 2 28
796538690363225 796538692204435 1841210 1580672 1541024 3 24
796538791701372 796538792571133 869761 1540928 1508096 0 0
796538892577459 796538893222260 644801 1508000 1469664 2 24
796538993553423 796538994925110 1371687 1469568 1440992 1 4
796539094592159 796539095973052 1380893 1440896 1411744 1 6
796539195835568 796539197340971 1505403 1411648 1381504 0 0
796539297003353 796539298637289 1633936 1381408 1348576 0 0
796539397943150 796539399562618 1619468 1348480 1315648 0 0
796539498989351 796539500576362 1587011 1315552 1284064 0 0
Generated frames: 50
Received (and measured) frames: 50
Frame not ready event count (in detector): 0
Frames dropped due to full buffer in detector: 0
Frames processed by detector: 50
Detector stop indicator set: true
Reported missed detector periods (reported by waitForNextPeriod): 0
Detector first release was scheduled for: 1593072001000001
796534540263299 1593072001000001 0
796534641079042 1593072101000001 0
796534742360736 1593072201000001 0
796534843257789 1593072301000001 0
796534944311139 1593072401000001 0
796535045643465 1593072501000001 0
796535146839706 1593072601000001 0
796535248076607 1593072701000001 0
796535349433465 1593072801000001 0
796535450676811 1593072901000001 0
796535551923619 1593073001000001 0
796535653077967 1593073101000001 0
796535754421222 1593073201000001 0
796535855658460 1593073301000001 0
796535956943355 1593073401000001 0
796536058079044 1593073501000001 0
796536159161719 1593073601000001 0
796536260255614 1593073701000001 0
796536361548166 1593073801000001 0
796536462837432 1593073901000001 0
796536564054450 1593074001000001 0
796536665346670 1593074101000001 0
796536766305092 1593074201000001 0
796536867395061 1593074301000001 0
796536968704543 1593074401000001 0
796537070013080 1593074501000001 0
796537171247246 1593074601000001 0
796537272549030 1593074701000001 0
796537373878648 1593074801000001 0
796537475175009 1593074901000001 0
796537576453340 1593075001000001 0
796537677733078 1593075101000001 0
796537779083145 1593075201000001 0
796537880366814 1593075301000001 0
796537981579914 1593075401000001 0
796538082794952 1593075501000001 0
796538184031493 1593075601000001 0
796538285262635 1593075701000001 0
796538386528124 1593075801000001 0
796538487865323 1593075901000001 0
796538589121249 1593076001000001 0
796538690352428 1593076101000001 0
796538791684076 1593076201000001 0
796538892571554 1593076301000001 0
796538993543378 1593076401000001 0
796539094580704 1593076501000001 0
796539195825258 1593076601000001 0
796539296993852 1593076701000001 0
796539397935467 1593076801000001 0
796539498980305 1593076901000001 0
