Detector: detector priority is 6
Detector: detector period is 100
Detector is finished, processed all frames.
Dumping output [ timeBefore timeAfter timeDifference heapFreeBefore heapFreeAfter detectedCollisions suspectedCollisions ] for 50 recorded detector runs, in ns
796541348377325 796541348957332 580007 2092192 2082400 1 4
796541449647042 796541451050810 1403768 2082304 2053728 1 4
796541550973203 796541552691419 1718216 2053632 2016640 2 24
796541652216412 796541653842053 1625641 2016544 1983712 0 0
796541753539116 796541755342047 1802931 1983616 1943968 3 24
796541854780327 796541856596460 1816133 1943872 1904384 2 28
796541956116284 796541957515622 1399338 1904288 1875488 0 0
796542057430327 796542058810796 1380469 1875392 1846240 1 6
796542158618195 796542160143849 1525654 1846144 1816000 0 0
796542259901656 796542261468574 1566918 1815904 1784416 0 0
796542361125739 796542362745214 1619475 1784320 1751488 0 0
796542462425015 796542464092372 1667357 1751392 1718560 0 0
796542563758999 796542565260820 1501821 1718464 1688320 0 0
796542664799923 796542665996925 1197002 1688224 1662912 1 2
796542765877581 796542767224312 1346731 1662816 1635360 0 0
796542867125784 796542868887809 1762025 1635264 1596928 2 24
796542968329510 796542970253595 1924085 1596832 1552000 3 42
796543069571388 796543071044650 1473262 1551904 1521760 0 0
796543170419131 796543171008494 589363 1521664 1486976 2 16
796543271457746 796543272519635 1061889 1486880 1457728 1 6
796543372469837 796543373866864 1397027 1457632 1429088 0 4
796543473486167 796543475028688 1542521 1428992 1397504 0 0
796543574741575 796543576325111 1583536 1397408 1365920 0 0
796543675939732 796543677532824 1593092 1365824 1334336 0 0
796543777261900 796543778830271 1568371 1334240 1302752 0 0
796543878257337 796543879632256 1374919 2092480 2063936 0 4
796543979230031 796543980676077 1446046 2063840 2034688 1 6
796544080167791 796544081807978 1640187 2034592 1999904 2 16
796544181447443 796544183004599 1557156 1999808 1968320 0 0
796544282780393 796544284628757 1848364 1968224 1926464 3 36
796544384096293 796544385809819 1713526 1926368 1888032 2 24
796544485478374 796544486880521 1402147 1887936 1859136 0 0
796544586825130 796544588054337 1229207 1859040 1833728 1 2
796544688041145 796544689442173 1401028 1833632 1804832 0 0
796544789385492 796544790930357 1544865 1804736 1773248 0 0
796544890521307 796544892249336 1728029 1773152 1738976 0 0
796544991629121 796544993216644 1587523 1738880 1707392 0 0
796545092869118 796545094277866 1408748 1707296 1678496 0 0
796545193767183 796545194277278 510095 1678400 1649248 1 6
796545294767417 796545295454281 686864 1649152 1620352 0 0
796545395938625 796545397751223 1812598 1620256 1580768 2 28
796545497220688 796545499022778 1802090 1580672 1541024 3 24
796545598558486 796545600226768 1668282 1540928 1508096 0 0
796545699774506 796545701528228 1753722 1508000 1469664 2 24
796545801126867 796545802478536 1351669 1469568 1440992 1 4
796545902455847 796545903827222 1371375 1440896 1411744 1 6
796546003744385 796546005237256 1492871 1411648 1381504 0 0
796546104911094 796546106542007 1630913 1381408 1348576 0 0
796546206138380 796546207765740 1627360 1348480 1315648 0 0
796546307464826 796546309079952 1615126 1315552 1284064 0 0
Generated frames: 50
Received (and measured) frames: 50
Frame not ready event count (in detector): 0
Frames dropped due to full buffer in detector: 0
Frames processed by detector: 50
Detector stop indicator set: true
Reported missed detector periods (reported by waitForNextPeriod): 0
Detector first release was scheduled for: 1593085601000001
796541348351384 1593085601000001 0
796541449630064 1593085701000001 0
796541550966189 1593085801000001 0
796541652209383 1593085901000001 0
796541753531965 1593086001000001 0
796541854771411 1593086101000001 0
796541956107947 1593086201000001 0
796542057420936 1593086301000001 0
796542158607257 1593086401000001 0
796542259893849 1593086501000001 0
796542361108767 1593086601000001 0
796542462414166 1593086701000001 0
796542563750889 1593086801000001 0
796542664792274 1593086901000001 0
796542765868636 1593087001000001 0
796542867117228 1593087101000001 0
796542968321406 1593087201000001 0
796543069561024 1593087301000001 0
796543170412833 1593087401000001 0
796543271447205 1593087501000001 0
796543372460658 1593087601000001 0
796543473478212 1593087701000001 0
796543574727298 1593087801000001 0
796543675929891 1593087901000001 0
796543777254210 1593088001000001 0
796543878249718 1593088101000001 0
796543979222614 1593088201000001 0
796544080157918 1593088301000001 0
796544181437750 1593088401000001 0
796544282770559 1593088501000001 0
796544384088113 1593088601000001 0
796544485470846 1593088701000001 0
796544586817548 1593088801000001 0
796544688033399 1593088901000001 0
796544789377974 1593089001000001 0
796544890511611 1593089101000001 0
796544991621675 1593089201000001 0
796545092859021 1593089301000001 0
796545193761646 1593089401000001 0
796545294760637 1593089501000001 0
796545395928429 1593089601000001 0
796545497210670 1593089701000001 0
796545598542646 1593089801000001 0
796545699765742 1593089901000001 0
796545801118765 1593090001000001 0
796545902448061 1593090101000001 0
796546003735528 1593090201000001 0
796546104900401 1593090301000001 0
796546206128570 1593090401000001 0
796546307457338 1593090501000001 0
