Detector: detector priority is 6
Detector: detector period is 100
Detector is finished, processed all frames.
Dumping output [ timeBefore timeAfter timeDifference heapFreeBefore heapFreeAfter detectedCollisions suspectedCollisions ] for 50 recorded detector runs, in ns
796548180145688 796548180691225 545537 2092192 2082400 1 4
796548281353836 796548282745264 1391428 2082304 2053728 1 4
796548382683246 796548384374662 1691416 2053632 2016640 2 24
796548484051568 796548485682545 1630977 2016544 1983712 0 0
796548585351518 796548587165215 1813697 1983616 1943968 3 24
796548686648248 796548688474546 1826298 1943872 1904384 2 28
796548787853406 796548789296324 1442918 1904288 1875488 0 0
796548889174641 796548890566605 1391964 1875392 1846240 1 6
796548990465907 796548991951872 1485965 1846144 1816000 0 0
796549091628392 796549093224624 1596232 1815904 1784416 0 0
796549192793646 796549194436119 1642473 1784320 1751488 0 0
796549293703314 796549295337655 1634341 1751392 1718560 0 0
796549395020972 796549396541779 1520807 1718464 1688320 0 0
796549495951467 796549496432428 480961 1688224 1662912 1 2
796549596826005 796549598174730 1348725 1662816 1635360 0 0
796549698053949 796549699779833 1725884 1635264 1596928 2 24
796549799287927 796549801262013 1974086 1596832 1552000 3 42
796549900419937 796549901905064 1485127 1551904 1521760 0 0
796550001326603 796550003562770 2236167 1521664 1486976 2 16
796550102628222 796550104026339 1398117 1486880 1457728 1 6
796550203808038 796550205248260 1440222 1457632 1429088 0 4
796550305010886 796550305627345 616459 1428992 1397504 0 0
796550406191793 796550406815629 623836 1397408 1365920 0 0
796550507147198 796550508737593 1590395 1365824 1334336 0 0
796550608522342 796550610124315 1601973 1334240 1302752 0 0
796550709862509 796550711276869 1414360 2092480 2063936 0 4
796550811151487 796550812578968 1427481 2063840 2034688 1 6
796550912512071 796550914117015 1604944 2034592 1999904 2 16
796551013461141 796551015030936 1569795 1999808 1968320 0 0
796551114512630 796551116452825 1940195 1968224 1926464 3 36
796551215812148 796551217581659 1769511 1926368 1888032 2 24
796551317071448 796551318485731 1414283 1887936 1859136 0 0
796551418346220 796551419562844 1216624 1859040 1833728 1 2
796551519619169 796551521060394 1441225 1833632 1804832 0 0
796551620758629 796551622310436 1551807 1804736 1773248 0 0
796551721622075 796551722683471 1061396 1773152 1738976 0 0
796551822639022 796551824241694 1602672 1738880 1707392 0 0
796551923939672 796551925345659 1405987 1707296 1678496 0 0
796552024972340 796552026370904 1398564 1678400 1649248 1 6
796552126099257 796552127515624 1416367 1649152 1620352 0 0
796552227381946 796552229171647 1789701 1620256 1580768 2 28
796552328761493 796552330604431 1842938 1580672 1541024 3 24
796552429810889 796552431436910 1626021 1540928 1508096 0 0
796552531070177 796552532844661 1774484 1508000 1469664 2 24
796552632354013 796552633710950 1356937 1469568 1440992 1 4
796552733622391 796552735005951 1383560 1440896 1411744 1 6
796552834891709 796552836401284 1509575 1411648 1381504 0 0
796552936223118 796552937867296 1644178 1381408 1348576 0 0
796553037396529 796553039030460 1633931 1348480 1315648 0 0
796553138294452 796553139869583 1575131 1315552 1284064 0 0
Generated frames: 50
Received (and measured) frames: 50
Frame not ready event count (in detector): 0
Frames dropped due to full buffer in detector: 0
Frames processed by detector: 50
Detector stop indicator set: true
Reported missed detector periods (reported by waitForNextPeriod): 0
Detector first release was scheduled for: 1593099201000001
796548180120669 1593099201000001 0
796548281332047 1593099301000001 0
796548382676224 1593099401000001 0
796548484044575 1593099501000001 0
796548585342655 1593099601000001 0
796548686639213 1593099701000001 0
796548787845008 1593099801000001 0
796548889165995 1593099901000001 0
796548990458439 1593100001000001 0
796549091618751 1593100101000001 0
796549192774751 1593100201000001 0
796549293693128 1593100301000001 0
796549395013170 1593100401000001 0
796549495944693 1593100501000001 0
796549596815633 1593100601000001 0
796549698046373 1593100701000001 0
796549799279967 1593100801000001 0
796549900410483 1593100901000001 0
796550001316790 1593101001000001 0
796550102618006 1593101101000001 0
796550203797821 1593101201000001 0
796550305001972 1593101301000001 0
796550406175496 1593101401000001 0
796550507135458 1593101501000001 0
796550608514757 1593101601000001 0
796550709854031 1593101701000001 0
796550811142314 1593101801000001 0
796550912504630 1593101901000001 0
796551013451514 1593102001000001 0
796551114501795 1593102101000001 0
796551215800533 1593102201000001 0
796551317064010 1593102301000001 0
796551418337345 1593102401000001 0
796551519611671 1593102501000001 0
796551620748228 1593102601000001 0
796551721611654 1593102701000001 0
796551822629516 1593102801000001 0
796551923932239 1593102901000001 0
796552024962907 1593103001000001 0
796552126087440 1593103101000001 0
796552227372930 1593103201000001 0
796552328750249 1593103301000001 0
796552429794808 1593103401000001 0
796552531061271 1593103501000001 0
796552632345008 1593103601000001 0
796552733613699 1593103701000001 0
796552834883881 1593103801000001 0
796552936213286 1593103901000001 0
796553037384968 1593104001000001 0
796553138283661 1593104101000001 0
