Detector: detector priority is 6
Detector: detector period is 100
Detector is finished, processed all frames.
Dumping output [ timeBefore timeAfter timeDifference heapFreeBefore heapFreeAfter detectedCollisions suspectedCollisions ] for 50 recorded detector runs, in ns
796681169982820 796681170688373 705553 2091872 2075072 1 4
796681271266608 796681273214617 1948009 2074976 2019424 1 4
796681372556505 796681374848979 2292474 2019328 1949728 2 24
796681473891674 796681476180584 2288910 1949632 1884192 0 0
796681575192173 796681577715412 2523239 1884096 1808768 3 24
796681676385291 796681678818157 2432866 1808672 1734528 2 28
796681777663630 796681779610531 1946901 1734432 1677632 0 0
796681878975668 796681880917671 1942003 1677536 1621152 1 6
796681980286573 796681982341564 2054991 1621056 1561376 0 0
796682081450228 796682083604775 2154547 1561280 1498720 0 0
796682182572204 796682184870371 2298167 1498624 1433184 0 0
796682283806617 796682286095918 2289301 1433088 1367648 0 0
796682385142433 796682387206185 2063752 1367552 1307872 0 0
796682486303455 796682488601922 2298467 2092384 2043424 1 2
796682587361602 796682588111279 749677 2043328 1989408 0 0
796682688652868 796682691041103 2388235 1989312 1916832 2 24
796682789953508 796682792645321 2691813 1916736 1833920 3 42
796682891323775 796682893393082 2069307 1833824 1774144 0 0
796682992622888 796682994840788 2217900 1774048 1707776 2 16
796683093886494 796683095797516 1911022 1707680 1651296 1 6
796683194779668 796683196793079 2013411 1651200 1594144 0 4
796683295734003 796683297915031 2181028 1594048 1531488 0 0
796683396775710 796683398965360 2189650 1531392 1468832 0 0
796683497960813 796683500179550 2218737 1468736 1406176 0 0
796683599291627 796683601551238 2259611 1406080 1343520 0 0
796683700614560 796683702600322 1985762 1343424 1286368 0 4
796683801910974 796683803803587 1892613 2092384 2036000 1 6
796683903244765 796683905497256 2252491 2035904 1969632 2 16
796684004553169 796684007288330 2735161 1969536 1906976 0 0
796684105739656 796684108310294 2570638 1906880 1829440 3 36
796684206906289 796684209327849 2421560 1829344 1756864 2 24
796684308176761 796684310131867 1955106 1756768 1699968 0 0
796684409501733 796684411160884 1659151 1699872 1650912 1 2
796684510842628 796684512824628 1982000 1650816 1594016 0 0
796684612047808 796684612881180 833372 1593920 1531360 0 0
796684712955657 796684713815479 859822 1531264 1462944 0 0
796684813886173 796684816020454 2134281 1462848 1400288 0 0
796684915160636 796684917094803 1934167 1400192 1343392 0 0
796685016466423 796685018374946 1908523 1343296 1286912 1 6
796685117674366 796685118470917 796551 2092384 2035584 0 0
796685218806053 796685221203942 2397889 2035488 1961344 2 28
796685319983943 796685322448775 2464832 1961248 1885920 3 24
796685421275655 796685423486307 2210652 1885824 1820384 0 0
796685522567054 796685524943147 2376093 1820288 1747808 2 24
796685623818273 796685625671726 1853453 1747712 1692160 1 4
796685725093930 796685726961831 1867901 1692064 1635680 1 6
796685826380537 796685828427253 2046716 1635584 1575904 0 0
796685927664666 796685929909405 2244739 1575808 1510368 0 0
796686028825012 796686031046479 2221467 1510272 1444832 0 0
796686129729159 796686131861624 2132465 1444736 1382176 0 0
Generated frames: 50
Received (and measured) frames: 50
Frame not ready event count (in detector): 0
Frames dropped due to full buffer in detector: 0
Frames processed by detector: 50
Detector stop indicator set: true
Reported missed detector periods (reported by waitForNextPeriod): 0
Detector first release was scheduled for: 1593365201000001
796681169955908 1593365201000001 0
796681271249839 1593365301000001 0
796681372549522 1593365401000001 0
796681473884736 1593365501000001 0
796681575185175 1593365601000001 0
796681676376557 1593365701000001 0
796681777650617 1593365801000001 0
796681878968174 1593365901000001 0
796681980279271 1593366001000001 0
796682081440935 1593366101000001 0
796682182551579 1593366201000001 0
796682283797077 1593366301000001 0
796682385134750 1593366401000001 0
796682486291859 1593366501000001 0
796682587350700 1593366601000001 0
796682688644186 1593366701000001 0
796682789945577 1593366801000001 0
796682891314164 1593366901000001 0
796682992615303 1593367001000001 0
796683093875474 1593367101000001 0
796683194769957 1593367201000001 0
796683295726394 1593367301000001 0
796683396759249 1593367401000001 0
796683497952067 1593367501000001 0
796683599284039 1593367601000001 0
796683700607054 1593367701000001 0
796683801903259 1593367801000001 0
796683903236876 1593367901000001 0
796684004543742 1593368001000001 0
796684105729130 1593368101000001 0
796684206896394 1593368201000001 0
796684308168951 1593368301000001 0
796684409492948 1593368401000001 0
796684510833904 1593368501000001 0
796684612036553 1593368601000001 0
796684712950174 1593368701000001 0
796684813875810 1593368801000001 0
796684915152560 1593368901000001 0
796685016457095 1593369001000001 0
796685117663903 1593369101000001 0
796685218797154 1593369201000001 0
796685319973856 1593369301000001 0
796685421258065 1593369401000001 0
796685522559527 1593369501000001 0
796685623810820 1593369601000001 0
796685725086571 1593369701000001 0
796685826372828 1593369801000001 0
796685927655051 1593369901000001 0
796686028814336 1593370001000001 0
796686129719122 1593370101000001 0
