Detector: detector priority is 6
Detector: detector period is 100
Detector is finished, processed all frames.
Dumping output [ timeBefore timeAfter timeDifference heapFreeBefore heapFreeAfter detectedCollisions suspectedCollisions ] for 50 recorded detector runs, in ns
796674434644730 796674435319866 675136 2091872 2075072 1 4
796674535847148 796674537773228 1926080 2074976 2019424 1 4
796674637141236 796674639469874 2328638 2019328 1949728 2 24
796674738441466 796674740758149 2316683 1949632 1884192 0 0
796674839771599 796674842335522 2563923 1884096 1808768 3 24
796674941066006 796674943498388 2432382 1808672 1734528 2 28
796675042350838 796675044363669 2012831 1734432 1677632 0 0
796675143572951 796675145556698 1983747 1677536 1621152 1 6
796675244861909 796675246939599 2077690 1621056 1561376 0 0
796675346191814 796675348386581 2194767 1561280 1498720 0 0
796675447526576 796675449838638 2312062 1498624 1433184 0 0
796675548829865 796675551113581 2283716 1433088 1367648 0 0
796675650078784 796675652212989 2134205 1367552 1307872 0 0
796675751295130 796675752969777 1674647 2092384 2043424 1 2
796675852574778 796675854414703 1839925 2043328 1989408 0 0
796675953675630 796675956179662 2504032 1989312 1916832 2 24
796676054758347 796676058509134 3750787 1916736 1833920 3 42
796676155734144 796676156498011 763867 1833824 1774144 0 0
796676256983306 796676259199506 2216200 1774048 1707776 2 16
796676358252364 796676360182682 1930318 1707680 1651296 1 6
796676459688020 796676461671517 1983497 1651200 1594144 0 4
796676561017586 796676563166170 2148584 1594048 1531488 0 0
796676662367606 796676664553206 2185600 1531392 1468832 0 0
796676763656561 796676765852807 2196246 1468736 1406176 0 0
796676864991031 796676867164247 2173216 1406080 1343520 0 0
796676966340371 796676968329465 1989094 1343424 1286368 0 4
796677067436409 796677069372779 1936370 2092384 2036000 1 6
796677168506431 796677170725025 2218594 2035904 1969632 2 16
796677269807748 796677271964785 2157037 1969536 1906976 0 0
796677371013917 796677373562066 2548149 1906880 1829440 3 36
796677472051293 796677474439690 2388397 1829344 1756864 2 24
796677573124809 796677575073287 1948478 1756768 1699968 0 0
796677674314661 796677675983528 1668867 1699872 1650912 1 2
796677775642449 796677777614770 1972321 1650816 1594016 0 0
796677876984481 796677879129756 2145275 1593920 1531360 0 0
796677978162930 796677980551761 2388831 1531264 1462944 0 0
796678079382715 796678081532697 2149982 1462848 1400288 0 0
796678180576201 796678182499648 1923447 1400192 1343392 0 0
796678281564966 796678282250870 685904 1343296 1286912 1 6
796678382772953 796678384702676 1929723 2092384 2035584 0 0
796678483950823 796678486354174 2403351 2035488 1961344 2 28
796678585295370 796678587735919 2440549 1961248 1885920 3 24
796678686600646 796678688843737 2243091 1885824 1820384 0 0
796678787915055 796678790264812 2349757 1820288 1747808 2 24
796678889099163 796678890969882 1870719 1747712 1692160 1 4
796678990398165 796678992319117 1920952 1692064 1635680 1 6
796679091683682 796679093758732 2075050 1635584 1575904 0 0
796679192960033 796679195226387 2266354 1575808 1510368 0 0
796679294286155 796679296519510 2233355 1510272 1444832 0 0
796679395497697 796679397635286 2137589 1444736 1382176 0 0
Generated frames: 50
Received (and measured) frames: 50
Frame not ready event count (in detector): 0
Frames dropped due to full buffer in detector: 0
Frames processed by detector: 50
Detector stop indicator set: true
Reported missed detector periods (reported by waitForNextPeriod): 0
Detector first release was scheduled for: 1593351801000001
796674434619209 1593351801000001 0
796674535830192 1593351901000001 0
796674637134219 1593352001000001 0
796674738434506 1593352101000001 0
796674839763810 1593352201000001 0
796674941057586 1593352301000001 0
796675042330829 1593352401000001 0
796675143563508 1593352501000001 0
796675244854499 1593352601000001 0
796675346184350 1593352701000001 0
796675447510643 1593352801000001 0
796675548819670 1593352901000001 0
796675650071109 1593353001000001 0
796675751286644 1593353101000001 0
796675852567112 1593353201000001 0
796675953668101 1593353301000001 0
796676054746244 1593353401000001 0
796676155728283 1593353501000001 0
796676256972557 1593353601000001 0
796676358244629 1593353701000001 0
796676459680321 1593353801000001 0
796676561009890 1593353901000001 0
796676662353645 1593354001000001 0
796676763646293 1593354101000001 0
796676864983459 1593354201000001 0
796676966332740 1593354301000001 0
796677067426290 1593354401000001 0
796677168496449 1593354501000001 0
796677269800367 1593354601000001 0
796677371004260 1593354701000001 0
796677472042476 1593354801000001 0
796677573117327 1593354901000001 0
796677674305411 1593355001000001 0
796677775634352 1593355101000001 0
796677876976866 1593355201000001 0
796677978153238 1593355301000001 0
796678079373259 1593355401000001 0
796678180566005 1593355501000001 0
796678281559405 1593355601000001 0
796678382762701 1593355701000001 0
796678483943113 1593355801000001 0
796678585285565 1593355901000001 0
796678686583154 1593356001000001 0
796678787906818 1593356101000001 0
796678889091319 1593356201000001 0
796678990390680 1593356301000001 0
796679091673592 1593356401000001 0
796679192949627 1593356501000001 0
796679294278161 1593356601000001 0
796679395490275 1593356701000001 0
