Detector: detector priority is 6
Detector: detector period is 100
Detector is finished, processed all frames.
Dumping output [ timeBefore timeAfter timeDifference heapFreeBefore heapFreeAfter detectedCollisions suspectedCollisions ] for 50 recorded detector runs, in ns
796667746449273 796667747137075 687802 2091872 2075072 1 4
796667847555755 796667849486257 1930502 2074976 2019424 1 4
796667948422278 796667950726471 2304193 2019328 1949728 2 24
796668049612303 796668051911174 2298871 1949632 1884192 0 0
796668150789260 796668153401812 2612552 1884096 1808768 3 24
796668252019909 796668254451594 2431685 1808672 1734528 2 28
796668352898308 796668354841074 1942766 1734432 1677632 0 0
796668453800984 796668455695276 1894292 1677536 1621152 1 6
796668555013476 796668557091655 2078179 1621056 1561376 0 0
796668656200946 796668658347688 2146742 1561280 1498720 0 0
796668757494191 796668759745813 2251622 1498624 1433184 0 0
796668858682698 796668860989638 2306940 1433088 1367648 0 0
796668959960442 796668962040612 2080170 1367552 1307872 0 0
796669061172898 796669062790347 1617449 2092384 2043424 1 2
796669162086082 796669163930934 1844852 2043328 1989408 0 0
796669263258480 796669265673380 2414900 1989312 1916832 2 24
796669364602989 796669367258756 2655767 1916736 1833920 3 42
796669465895627 796669467943193 2047566 1833824 1774144 0 0
796669567091365 796669569332580 2241215 1774048 1707776 2 16
796669668137928 796669668895033 757105 1707680 1651296 1 6
796669769137927 796669769858067 720140 1651200 1594144 0 4
796669870077081 796669872250149 2173068 1594048 1531488 0 0
796669970976909 796669973169546 2192637 1531392 1468832 0 0
796670072128728 796670074284256 2155528 1468736 1406176 0 0
796670173311560 796670175475686 2164126 1406080 1343520 0 0
796670274610396 796670276596082 1985686 1343424 1286368 0 4
796670375507877 796670377406566 1898689 2092384 2036000 1 6
796670476693295 796670478928145 2234850 2035904 1969632 2 16
796670577953019 796670580160143 2207124 1969536 1906976 0 0
796670679227744 796670681793050 2565306 1906880 1829440 3 36
796670780461000 796670782832947 2371947 1829344 1756864 2 24
796670881757986 796670883700404 1942418 1756768 1699968 0 0
796670983150323 796670984830250 1679927 1699872 1650912 1 2
796671084369570 796671086323253 1953683 1650816 1594016 0 0
796671185711008 796671187861443 2150435 1593920 1531360 0 0
796671286960393 796671289339119 2378726 1531264 1462944 0 0
796671388285536 796671390385232 2099696 1462848 1400288 0 0
796671489606629 796671491503282 1896653 1400192 1343392 0 0
796671590892517 796671592780201 1887684 1343296 1286912 1 6
796671692129376 796671694028041 1898665 2092384 2035584 0 0
796671793387672 796671795760950 2373278 2035488 1961344 2 28
796671894201206 796671895081317 880111 1961248 1885920 3 24
796671995278986 796671997502838 2223852 1885824 1820384 0 0
796672096511757 796672099077521 2565764 1820288 1747808 2 24
796672197880094 796672199713731 1833637 1747712 1692160 1 4
796672299213924 796672301089575 1875651 1692064 1635680 1 6
796672400551470 796672402542732 1991262 1635584 1575904 0 0
796672501786820 796672503996128 2209308 1575808 1510368 0 0
796672603118816 796672605337729 2218913 1510272 1444832 0 0
796672704309190 796672706411855 2102665 1444736 1382176 0 0
Generated frames: 50
Received (and measured) frames: 50
Frame not ready event count (in detector): 0
Frames dropped due to full buffer in detector: 0
Frames processed by detector: 50
Detector stop indicator set: true
Reported missed detector periods (reported by waitForNextPeriod): 0
Detector first release was scheduled for: 1593338401000001
796667746424449 1593338401000001 0
796667847538038 1593338501000001 0
796667948415281 1593338601000001 0
796668049603518 1593338701000001 0
796668150780054 1593338801000001 0
796668251996123 1593338901000001 0
796668352881652 1593339001000001 0
796668453793505 1593339101000001 0
796668555004800 1593339201000001 0
796668656192425 1593339301000001 0
796668757478720 1593339401000001 0
796668858672455 1593339501000001 0
796668959952923 1593339601000001 0
796669061163535 1593339701000001 0
796669162076137 1593339801000001 0
796669263248973 1593339901000001 0
796669364595089 1593340001000001 0
796669465886066 1593340101000001 0
796669567083813 1593340201000001 0
796669668128207 1593340301000001 0
796669769132280 1593340401000001 0
796669870065668 1593340501000001 0
796669970963654 1593340601000001 0
796670072114587 1593340701000001 0
796670173301158 1593340801000001 0
796670274602920 1593340901000001 0
796670375500535 1593341001000001 0
796670476685897 1593341101000001 0
796670577945741 1593341201000001 0
796670679218496 1593341301000001 0
796670780453274 1593341401000001 0
796670881750221 1593341501000001 0
796670983142813 1593341601000001 0
796671084359806 1593341701000001 0
796671185700862 1593341801000001 0
796671286951211 1593341901000001 0
796671388278158 1593342001000001 0
796671489599126 1593342101000001 0
796671590885229 1593342201000001 0
796671692121887 1593342301000001 0
796671793378273 1593342401000001 0
796671894195820 1593342501000001 0
796671995261122 1593342601000001 0
796672096502103 1593342701000001 0
796672197870424 1593342801000001 0
796672299206424 1593342901000001 0
796672400544132 1593343001000001 0
796672501777696 1593343101000001 0
796672603111156 1593343201000001 0
796672704301281 1593343301000001 0
