Detector: detector priority is 6
Detector: detector period is 100
Detector is finished, processed all frames.
Dumping output [ timeBefore timeAfter timeDifference heapFreeBefore heapFreeAfter detectedCollisions suspectedCollisions ] for 50 recorded detector runs, in ns
796660901049247 796660901756864 707617 2091872 2075072 1 4
796661002249888 796661003148056 898168 2074976 2019424 1 4
796661103434818 796661106521901 3087083 2019328 1949728 2 24
796661204530753 796661206802580 2271827 1949632 1884192 0 0
796661305859137 796661308387156 2528019 1884096 1808768 3 24
796661407062768 796661409522377 2459609 1808672 1734528 2 28
796661508364018 796661510318435 1954417 1734432 1677632 0 0
796661609471931 796661611387915 1915984 1677536 1621152 1 6
796661710785882 796661712882246 2096364 1621056 1561376 0 0
796661811948198 796661814132213 2184015 1561280 1498720 0 0
796661912871080 796661915142660 2271580 1498624 1433184 0 0
796662013824802 796662016130228 2305426 1433088 1367648 0 0
796662114725803 796662117018710 2292907 1367552 1307872 0 0
796662215733169 796662217403878 1670709 2092384 2043424 1 2
796662316962354 796662318819064 1856710 2043328 1989408 0 0
796662418283625 796662420709062 2425437 1989312 1916832 2 24
796662519562948 796662522261420 2698472 1916736 1833920 3 42
796662620891347 796662622951568 2060221 1833824 1774144 0 0
796662722192170 796662724442912 2250742 1774048 1707776 2 16
796662823534329 796662825463267 1928938 1707680 1651296 1 6
796662924802551 796662926770435 1967884 1651200 1594144 0 4
796663026043452 796663028243737 2200285 1594048 1531488 0 0
796663127325032 796663129535581 2210549 1531392 1468832 0 0
796663228280202 796663230435250 2155048 1468736 1406176 0 0
796663329131644 796663329928510 796866 1406080 1343520 0 0
796663430283535 796663432286945 2003410 1343424 1286368 0 4
796663531605285 796663533548705 1943420 2092384 2036000 1 6
796663632844093 796663635099513 2255420 2035904 1969632 2 16
796663734117787 796663736333862 2216075 1969536 1906976 0 0
796663835336065 796663837890726 2554661 1906880 1829440 3 36
796663936670397 796663939054966 2384569 1829344 1756864 2 24
796664037893765 796664039858995 1965230 1756768 1699968 0 0
796664138976842 796664140686196 1709354 1699872 1650912 1 2
796664240328891 796664242281564 1952673 1650816 1594016 0 0
796664341535535 796664343691410 2155875 1593920 1531360 0 0
796664442712323 796664445106435 2394112 1531264 1462944 0 0
796664544069604 796664546183542 2113938 1462848 1400288 0 0
796664645240251 796664647164568 1924317 1400192 1343392 0 0
796664746206863 796664748102430 1895567 1343296 1286912 1 6
796664847289199 796664849320726 2031527 2092384 2035584 0 0
796664948157554 796664950576037 2418483 2035488 1961344 2 28
796665049358340 796665051825715 2467375 1961248 1885920 3 24
796665150371814 796665152640282 2268468 1885824 1820384 0 0
796665251564738 796665253939160 2374422 1820288 1747808 2 24
796665352848426 796665353518461 670035 1747712 1692160 1 4
796665453802720 796665454484766 682046 1692064 1635680 1 6
796665554891567 796665556936033 2044466 1635584 1575904 0 0
796665656152125 796665658379730 2227605 1575808 1510368 0 0
796665757486926 796665759698821 2211895 1510272 1444832 0 0
796665858737818 796665860901797 2163979 1444736 1382176 0 0
Generated frames: 50
Received (and measured) frames: 50
Frame not ready event count (in detector): 0
Frames dropped due to full buffer in detector: 0
Frames processed by detector: 50
Detector stop indicator set: true
Reported missed detector periods (reported by waitForNextPeriod): 0
Detector first release was scheduled for: 1593324601000001
796660901026703 1593324601000001 0
796661002237751 1593324701000001 0
796661103424253 1593324801000001 0
796661204521677 1593324901000001 0
796661305851876 1593325001000001 0
796661407054398 1593325101000001 0
796661508350520 1593325201000001 0
796661609464533 1593325301000001 0
796661710778559 1593325401000001 0
796661811940522 1593325501000001 0
796661912854195 1593325601000001 0
796662013814510 1593325701000001 0
796662114716276 1593325801000001 0
796662215722988 1593325901000001 0
796662316954624 1593326001000001 0
796662418276157 1593326101000001 0
796662519554879 1593326201000001 0
796662620881693 1593326301000001 0
796662722184555 1593326401000001 0
796662823526802 1593326501000001 0
796662924795125 1593326601000001 0
796663026033937 1593326701000001 0
796663127307065 1593326801000001 0
796663228269823 1593326901000001 0
796663329125638 1593327001000001 0
796663430271950 1593327101000001 0
796663531597671 1593327201000001 0
796663632836531 1593327301000001 0
796663734110308 1593327401000001 0
796663835325295 1593327501000001 0
796663936662764 1593327601000001 0
796664037883937 1593327701000001 0
796664138966664 1593327801000001 0
796664240320049 1593327901000001 0
796664341527552 1593328001000001 0
796664442702916 1593328101000001 0
796664544062071 1593328201000001 0
796664645232515 1593328301000001 0
796664746199607 1593328401000001 0
796664847281513 1593328501000001 0
796664948150132 1593328601000001 0
796665049346906 1593328701000001 0
796665150348987 1593328801000001 0
796665251556910 1593328901000001 0
796665352843746 1593329001000001 0
796665453796820 1593329101000001 0
796665554881632 1593329201000001 0
796665656142422 1593329301000001 0
796665757478646 1593329401000001 0
796665858730106 1593329501000001 0
