Detector: detector priority is 6
Detector: detector period is 100
Detector is finished, processed all frames.
Dumping output [ timeBefore timeAfter timeDifference heapFreeBefore heapFreeAfter detectedCollisions suspectedCollisions ] for 50 recorded detector runs, in ns
796688449983632 796688450657197 673565 2091872 2075072 1 4
796688551184925 796688553102056 1917131 2074976 2019424 1 4
796688652304119 796688654616863 2312744 2019328 1949728 2 24
796688753647570 796688755906394 2258824 1949632 1884192 0 0
796688854914940 796688857455757 2540817 1884096 1808768 3 24
796688955987555 796688957269451 1281896 1808672 1734528 2 28
796689056847209 796689058813750 1966541 1734432 1677632 0 0
796689158007628 796689159909826 1902198 1677536 1621152 1 6
796689259317955 796689261399518 2081563 1621056 1561376 0 0
796689360635450 796689362775283 2139833 1561280 1498720 0 0
796689461861730 796689464140580 2278850 1498624 1433184 0 0
796689563104533 796689565395702 2291169 1433088 1367648 0 0
796689664393377 796689666442383 2049006 1367552 1307872 0 0
796689765693702 796689767323672 1629970 2092384 2043424 1 2
796689867048139 796689868926597 1878458 2043328 1989408 0 0
796689968180217 796689970558202 2377985 1989312 1916832 2 24
796690069491785 796690072203511 2711726 1916736 1833920 3 42
796690170537775 796690172623111 2085336 1833824 1774144 0 0
796690271791494 796690274030109 2238615 1774048 1707776 2 16
796690373065877 796690374971483 1905606 1707680 1651296 1 6
796690474067975 796690476058506 1990531 1651200 1594144 0 4
796690575293016 796690577492681 2199665 1594048 1531488 0 0
796690676644726 796690678803462 2158736 1531392 1468832 0 0
796690777976443 796690780393566 2417123 1468736 1406176 0 0
796690879295433 796690881489962 2194529 1406080 1343520 0 0
796690980577876 796690982539141 1961265 1343424 1286368 0 4
796691081653588 796691082846403 1192815 2092384 2036000 1 6
796691182561636 796691184658350 2096714 2035904 1969632 2 16
796691283813265 796691285987777 2174512 1969536 1906976 0 0
796691385116479 796691387617904 2501425 1906880 1829440 3 36
796691486402429 796691488807930 2405501 1829344 1756864 2 24
796691587684582 796691589658722 1974140 1756768 1699968 0 0
796691688964496 796691690621270 1656774 1699872 1650912 1 2
796691790238604 796691792238660 2000056 1650816 1594016 0 0
796691891566354 796691893736730 2170376 1593920 1531360 0 0
796691992822460 796691995202932 2380472 1531264 1462944 0 0
796692094119095 796692096261871 2142776 1462848 1400288 0 0
796692195397613 796692197331553 1933940 1400192 1343392 0 0
796692296674711 796692298533707 1858996 1343296 1286912 1 6
796692397997649 796692399901042 1903393 2092384 2035584 0 0
796692499029471 796692501428837 2399366 2035488 1961344 2 28
796692599942984 796692602409035 2466051 1961248 1885920 3 24
796692701206353 796692703422054 2215701 1885824 1820384 0 0
796692802393119 796692804785327 2392208 1820288 1747808 2 24
796692903725917 796692905578176 1852259 1747712 1692160 1 4
796693004984386 796693006848215 1863829 1692064 1635680 1 6
796693106279941 796693108381646 2101705 1635584 1575904 0 0
796693207378587 796693210041646 2663059 1575808 1510368 0 0
796693308252543 796693309050387 797844 1510272 1444832 0 0
796693409405013 796693411528113 2123100 1444736 1382176 0 0
Generated frames: 50
Received (and measured) frames: 50
Frame not ready event count (in detector): 0
Frames dropped due to full buffer in detector: 0
Frames processed by detector: 50
Detector stop indicator set: true
Reported missed detector periods (reported by waitForNextPeriod): 0
Detector first release was scheduled for: 1593379801000001
796688449956649 1593379801000001 0
796688551166442 1593379901000001 0
796688652295755 1593380001000001 0
796688753640272 1593380101000001 0
796688854904354 1593380201000001 0
796688955978505 1593380301000001 0
796689056828839 1593380401000001 0
796689157997848 1593380501000001 0
796689259310582 1593380601000001 0
796689360628152 1593380701000001 0
796689461845231 1593380801000001 0
796689563094975 1593380901000001 0
796689664385825 1593381001000001 0
796689765686294 1593381101000001 0
796689867040290 1593381201000001 0
796689968172614 1593381301000001 0
796690069480901 1593381401000001 0
796690170527306 1593381501000001 0
796690271783975 1593381601000001 0
796690373058449 1593381701000001 0
796690474060402 1593381801000001 0
796690575284965 1593381901000001 0
796690676629839 1593382001000001 0
796690777965740 1593382101000001 0
796690879287945 1593382201000001 0
796690980570478 1593382301000001 0
796691081643627 1593382401000001 0
796691182549582 1593382501000001 0
796691283804597 1593382601000001 0
796691385106912 1593382701000001 0
796691486394917 1593382801000001 0
796691587677177 1593382901000001 0
796691688956964 1593383001000001 0
796691790230718 1593383101000001 0
796691891558824 1593383201000001 0
796691992812983 1593383301000001 0
796692094109384 1593383401000001 0
796692195387535 1593383501000001 0
796692296667352 1593383601000001 0
796692397990064 1593383701000001 0
796692499022040 1593383801000001 0
796692599931222 1593383901000001 0
796692701186022 1593384001000001 0
796692802384290 1593384101000001 0
796692903718498 1593384201000001 0
796693004975367 1593384301000001 0
796693106270173 1593384401000001 0
796693207366953 1593384501000001 0
796693308246159 1593384601000001 0
796693409394514 1593384701000001 0
