Detector: detector priority is 6
Detector: detector period is 100
Detector is finished, processed all frames.
Dumping output [ timeBefore timeAfter timeDifference heapFreeBefore heapFreeAfter detectedCollisions suspectedCollisions ] for 50 recorded detector runs, in ns
796458109028868 796458109557397 528529 2092448 2082944 1 4
796458210308750 796458211662403 1353653 2082944 2054784 1 4
796458311628379 796458313251019 1622640 2054784 2019488 2 24
796458412801699 796458414402051 1600352 2019488 1986816 0 0
796458513678930 796458515425521 1746591 1986816 1948864 3 24
796458614840166 796458616569855 1729689 1948864 1911328 2 28
796458716107665 796458717494760 1387095 1911328 1882688 0 0
796458817393793 796458818736121 1342328 1882688 1854080 1 6
796458918752723 796458920254459 1501736 1854080 1824096 0 0
796459020041758 796459021566319 1524561 1824096 1792768 0 0
796459121196038 796459122804188 1608150 1792768 1760096 0 0
796459222474563 796459224112169 1637606 1760096 1727424 0 0
796459323560160 796459324113292 553132 1727424 1697440 0 0
796459424681514 796459425871953 1190439 1697440 1672416 1 2
796459525581250 796459526899661 1318411 1672416 1645120 0 0
796459626903748 796459628602348 1698600 1645120 1608480 2 24
796459727838637 796459729709386 1870749 1608480 1566496 3 42
796459828923639 796459830389635 1465996 1566496 1536512 0 0
796459930150882 796459931706594 1555712 1536512 1503008 2 16
796460031313562 796460031864678 551116 1503008 1474400 1 6
796460132597225 796460133166093 568868 1474400 1446144 0 4
796460233820002 796460234432540 612538 1446144 1414816 0 0
796460335164346 796460335776170 611824 1414816 1383488 0 0
796460436444862 796460437055679 610817 1383488 1352160 0 0
796460537791519 796460539322753 1531234 1352160 1320832 0 0
796460639115077 796460640531536 1416459 1320832 1292576 0 4
796460740459149 796460741797237 1338088 2092544 2063936 1 6
796460841716346 796460843268038 1551692 2063936 2030432 2 16
796460943056862 796460944632239 1575377 2030432 1999104 0 0
796461044445914 796461046197894 1751980 1999104 1959808 3 36
796461145647042 796461147326242 1679200 1959808 1923168 2 24
796461246736790 796461248182572 1445782 1923168 1894528 0 0
796461348059408 796461349248306 1188898 1894528 1869504 1 2
796461449312339 796461450696408 1384069 1869504 1840864 0 0
796461550393571 796461551941909 1548338 1840864 1809536 0 0
796461651479941 796461653168141 1688200 1809536 1775520 0 0
796461752708627 796461754243263 1534636 1775520 1744192 0 0
796461854046245 796461855428241 1381996 1744192 1715552 0 0
796461955282382 796461956670650 1388268 1715552 1686944 1 6
796462056629681 796462058020820 1391139 1686944 1658304 0 0
796462157807654 796462159509869 1702215 1658304 1620768 2 28
796462259032522 796462260801479 1768957 1620768 1582816 3 24
796462360339100 796462361938324 1599224 1582816 1550144 0 0
796462461655125 796462463337591 1682466 1550144 1513504 2 24
796462562947754 796462564313222 1365468 1513504 1485344 1 4
796462664242149 796462665591634 1349485 1485344 1456736 1 6
796462765589839 796462767052033 1462194 1456736 1426752 0 0
796462866937665 796462868592510 1654845 1426752 1394080 0 0
796462968174387 796462969780819 1606432 1394080 1361408 0 0
796463069327047 796463070885118 1558071 1361408 1330080 0 0
Generated frames: 50
Received (and measured) frames: 50
Frame not ready event count (in detector): 0
Frames dropped due to full buffer in detector: 0
Frames processed by detector: 50
Detector stop indicator set: true
Reported missed detector periods (reported by waitForNextPeriod): 0
Detector first release was scheduled for: 1592919201000001
796458109002739 1592919201000001 0
796458210286257 1592919301000001 0
796458311619639 1592919401000001 0
796458412794352 1592919501000001 0
796458513672371 1592919601000001 0
796458614831823 1592919701000001 0
796458716098863 1592919801000001 0
796458817385319 1592919901000001 0
796458918744767 1592920001000001 0
796459019997241 1592920101000001 0
796459121176787 1592920201000001 0
796459222464659 1592920301000001 0
796459323553871 1592920401000001 0
796459424671939 1592920501000001 0
796459525571612 1592920601000001 0
796459626896965 1592920701000001 0
796459727831426 1592920801000001 0
796459828915011 1592920901000001 0
796459930144028 1592921001000001 0
796460031304399 1592921101000001 0
796460132587706 1592921201000001 0
796460233813016 1592921301000001 0
796460335148499 1592921401000001 0
796460436435672 1592921501000001 0
796460537782298 1592921601000001 0
796460639105523 1592921701000001 0
796460740450344 1592921801000001 0
796460841706431 1592921901000001 0
796460943049334 1592922001000001 0
796461044436540 1592922101000001 0
796461145636910 1592922201000001 0
796461246726829 1592922301000001 0
796461348049270 1592922401000001 0
796461449304652 1592922501000001 0
796461550383954 1592922601000001 0
796461651470063 1592922701000001 0
796461752699987 1592922801000001 0
796461854037024 1592922901000001 0
796461955273363 1592923001000001 0
796462056620294 1592923101000001 0
796462157798643 1592923201000001 0
796462259022447 1592923301000001 0
796462360321717 1592923401000001 0
796462461643104 1592923501000001 0
796462562938216 1592923601000001 0
796462664232623 1592923701000001 0
796462765582678 1592923801000001 0
796462866927843 1592923901000001 0
796462968165394 1592924001000001 0
796463069317426 1592924101000001 0
