Detector: detector priority is 6
Detector: detector period is 100
Detector is finished, processed all frames.
Dumping output [ timeBefore timeAfter timeDifference heapFreeBefore heapFreeAfter detectedCollisions suspectedCollisions ] for 50 recorded detector runs, in ns
796450388981127 796450389524934 543807 2092448 2082944 1 4
796450490224723 796450491593385 1368662 2082944 2054784 1 4
796450591461816 796450593127268 1665452 2054784 2019488 2 24
796450692703652 796450694331531 1627879 2019488 1986816 0 0
796450793992834 796450795731708 1738874 1986816 1948864 3 24
796450894973013 796450897278175 2305162 1948864 1911328 2 28
796450996178708 796450997566569 1387861 1911328 1882688 0 0
796451097441614 796451098003186 561572 1882688 1854080 1 6
796451198732517 796451200226018 1493501 1854080 1824096 0 0
796451300028706 796451301542855 1514149 1824096 1792768 0 0
796451401257974 796451402858921 1600947 1792768 1760096 0 0
796451502589793 796451504251753 1661960 1760096 1727424 0 0
796451603910012 796451605401132 1491120 1727424 1697440 0 0
796451705154207 796451706330281 1176074 1697440 1672416 1 2
796451806277827 796451807591289 1313462 1672416 1645120 0 0
796451907553744 796451909237512 1683768 1645120 1608480 2 24
796452008858193 796452010717668 1859475 1608480 1566496 3 42
796452110098433 796452111555009 1456576 1566496 1536512 0 0
796452211358291 796452212959497 1601206 1536512 1503008 2 16
796452312664596 796452314004825 1340229 1503008 1474400 1 6
796452414007860 796452415390274 1382414 1474400 1446144 0 4
796452515343480 796452516920632 1577152 1446144 1414816 0 0
796452616624623 796452618170922 1546299 1414816 1383488 0 0
796452717779077 796452719328242 1549165 1383488 1352160 0 0
796452819063923 796452820659902 1595979 1352160 1320832 0 0
796452920326827 796452921728323 1401496 1320832 1292576 0 4
796453021212221 796453021703334 491113 2092544 2063936 1 6
796453122041786 796453122662095 620309 2063936 2030432 2 16
796453223437700 796453224079168 641468 2030432 1999104 0 0
796453324726558 796453326496813 1770255 1999104 1959808 3 36
796453426019844 796453427731861 1712017 1959808 1923168 2 24
796453527362488 796453528778169 1415681 1923168 1894528 0 0
796453628647850 796453629823485 1175635 1894528 1869504 1 2
796453729948793 796453731326077 1377284 1869504 1840864 0 0
796453831281980 796453832830935 1548955 1840864 1809536 0 0
796453932639442 796453934311281 1671839 1809536 1775520 0 0
796454033868754 796454035407855 1539101 1775520 1744192 0 0
796454135154961 796454136562729 1407768 1744192 1715552 0 0
796454236495598 796454237845905 1350307 1715552 1686944 1 6
796454337794889 796454339181911 1387022 1686944 1658304 0 0
796454439099168 796454440829534 1730366 1658304 1620768 2 28
796454540387583 796454542133510 1745927 1620768 1582816 3 24
796454641418798 796454643012287 1593489 1582816 1550144 0 0
796454742381671 796454744080335 1698664 1550144 1513504 2 24
796454843669825 796454845081915 1412090 1513504 1485344 1 4
796454944961094 796454946313627 1352533 1485344 1456736 1 6
796455046271198 796455047728640 1457442 1456736 1426752 0 0
796455147366093 796455147958672 592579 1426752 1394080 0 0
796455248289018 796455248927866 638848 1394080 1361408 0 0
796455349521348 796455350132925 611577 1361408 1330080 0 0
Generated frames: 50
Received (and measured) frames: 50
Frame not ready event count (in detector): 0
Frames dropped due to full buffer in detector: 0
Frames processed by detector: 50
Detector stop indicator set: true
Reported missed detector periods (reported by waitForNextPeriod): 0
Detector first release was scheduled for: 1592903601000001
796450388953605 1592903601000001 0
796450490205298 1592903701000001 0
796450591455368 1592903801000001 0
796450692697293 1592903901000001 0
796450793986348 1592904001000001 0
796450894962453 1592904101000001 0
796450996170296 1592904201000001 0
796451097433217 1592904301000001 0
796451198723665 1592904401000001 0
796451300022075 1592904501000001 0
796451401242836 1592904601000001 0
796451502580307 1592904701000001 0
796451603903311 1592904801000001 0
796451705147524 1592904901000001 0
796451806271075 1592905001000001 0
796451907545020 1592905101000001 0
796452008848737 1592905201000001 0
796452110088547 1592905301000001 0
796452211349106 1592905401000001 0
796452312656750 1592905501000001 0
796452413999252 1592905601000001 0
796452515334671 1592905701000001 0
796452616611065 1592905801000001 0
796452717770121 1592905901000001 0
796452819053782 1592906001000001 0
796452920319245 1592906101000001 0
796453021206421 1592906201000001 0
796453122031621 1592906301000001 0
796453223431047 1592906401000001 0
796453324716189 1592906501000001 0
796453426013006 1592906601000001 0
796453527355728 1592906701000001 0
796453628640987 1592906801000001 0
796453729941963 1592906901000001 0
796453831275090 1592907001000001 0
796453932630534 1592907101000001 0
796454033860140 1592907201000001 0
796454135145437 1592907301000001 0
796454236488940 1592907401000001 0
796454337787968 1592907501000001 0
796454439092462 1592907601000001 0
796454540378106 1592907701000001 0
796454641401889 1592907801000001 0
796454742372213 1592907901000001 0
796454843660421 1592908001000001 0
796454944954226 1592908101000001 0
796455046262344 1592908201000001 0
796455147360145 1592908301000001 0
796455248277899 1592908401000001 0
796455349514422 1592908501000001 0
