Detector: detector priority is 6
Detector: detector period is 100
Detector is finished, processed all frames.
Dumping output [ timeBefore timeAfter timeDifference heapFreeBefore heapFreeAfter detectedCollisions suspectedCollisions ] for 50 recorded detector runs, in ns
796443573008334 796443573540165 531831 2092448 2082944 1 4
796443674273066 796443675623189 1350123 2082944 2054784 1 4
796443775586753 796443777222021 1635268 2054784 2019488 2 24
796443876765701 796443878373109 1607408 2019488 1986816 0 0
796443978113950 796443979858159 1744209 1986816 1948864 3 24
796444079357261 796444081084580 1727319 1948864 1911328 2 28
796444180605404 796444182002558 1397154 1911328 1882688 0 0
796444281821497 796444283164552 1343055 1882688 1854080 1 6
796444382966555 796444384449726 1483171 1854080 1824096 0 0
796444483893624 796444484683677 790053 1824096 1792768 0 0
796444584931021 796444586207898 1276877 1792768 1760096 0 0
796444686153101 796444687158634 1005533 1760096 1727424 0 0
796444787490016 796444788706285 1216269 1727424 1697440 0 0
796444888830707 796444890011872 1181165 1697440 1672416 1 2
796444990103314 796444991421368 1318054 1672416 1645120 0 0
796445091401363 796445093136014 1734651 1645120 1608480 2 24
796445192692025 796445194552257 1860232 1608480 1566496 3 42
796445293913511 796445295373174 1459663 1566496 1536512 0 0
796445395179444 796445396757976 1578532 1536512 1503008 2 16
796445496601806 796445497946516 1344710 1503008 1474400 1 6
796445597743624 796445599128832 1385208 1474400 1446144 0 4
796445699017566 796445700600511 1582945 1446144 1414816 0 0
796445800322516 796445801870609 1548093 1414816 1383488 0 0
796445901651566 796445903185695 1534129 1383488 1352160 0 0
796446002703390 796446004263129 1559739 1352160 1320832 0 0
796446103824140 796446105261173 1437033 1320832 1292576 0 4
796446205126636 796446206489941 1363305 2092544 2063936 1 6
796446306399446 796446307956412 1556966 2063936 2030432 2 16
796446407695993 796446409826191 2130198 2030432 1999104 0 0
796446508621901 796446510994647 2372746 1999104 1959808 3 36
796446609608856 796446611861562 2252706 1959808 1923168 2 24
796446710715077 796446712122457 1407380 1923168 1894528 0 0
796446811605838 796446812801553 1195715 1894528 1869504 1 2
796446912763006 796446914146118 1383112 1869504 1840864 0 0
796447013918673 796447015454453 1535780 1840864 1809536 0 0
796447114907472 796447116773944 1866472 1809536 1775520 0 0
796447216144355 796447217676115 1531760 1775520 1744192 0 0
796447317466587 796447318852426 1385839 1744192 1715552 0 0
796447418757994 796447420139362 1381368 1715552 1686944 1 6
796447520112368 796447521502604 1390236 1686944 1658304 0 0
796447621333360 796447623027849 1694489 1658304 1620768 2 28
796447722500602 796447724282423 1781821 1620768 1582816 3 24
796447823757259 796447825381791 1624532 1582816 1550144 0 0
796447925084338 796447926764201 1679863 1550144 1513504 2 24
796448026422738 796448027769598 1346860 1513504 1485344 1 4
796448127704794 796448129133145 1428351 1485344 1456736 1 6
796448228998309 796448230446528 1448219 1456736 1426752 0 0
796448330316417 796448331926003 1609586 1426752 1394080 0 0
796448431617199 796448433265521 1648322 1394080 1361408 0 0
796448532819752 796448534354201 1534449 1361408 1330080 0 0
Generated frames: 50
Received (and measured) frames: 50
Frame not ready event count (in detector): 0
Frames dropped due to full buffer in detector: 0
Frames processed by detector: 50
Detector stop indicator set: true
Reported missed detector periods (reported by waitForNextPeriod): 0
Detector first release was scheduled for: 1592890001000001
796443572981191 1592890001000001 0
796443674253691 1592890101000001 0
796443775577604 1592890201000001 0
796443876758203 1592890301000001 0
796443978105419 1592890401000001 0
796444079349023 1592890501000001 0
796444180597290 1592890601000001 0
796444281814616 1592890701000001 0
796444382957800 1592890801000001 0
796444483886818 1592890901000001 0
796444584911493 1592891001000001 0
796444686143100 1592891101000001 0
796444787483286 1592891201000001 0
796444888823991 1592891301000001 0
796444990096538 1592891401000001 0
796445091391853 1592891501000001 0
796445192683059 1592891601000001 0
796445293904855 1592891701000001 0
796445395169236 1592891801000001 0
796445496594712 1592891901000001 0
796445597736868 1592892001000001 0
796445699010074 1592892101000001 0
796445800304862 1592892201000001 0
796445901642360 1592892301000001 0
796446002694542 1592892401000001 0
796446103813671 1592892501000001 0
796446205117478 1592892601000001 0
796446306388695 1592892701000001 0
796446407684706 1592892801000001 0
796446508610999 1592892901000001 0
796446609597575 1592893001000001 0
796446710705412 1592893101000001 0
796446811598866 1592893201000001 0
796446912756139 1592893301000001 0
796447013909247 1592893401000001 0
796447114897323 1592893501000001 0
796447216136365 1592893601000001 0
796447317459802 1592893701000001 0
796447418751384 1592893801000001 0
796447520105252 1592893901000001 0
796447621326644 1592894001000001 0
796447722491793 1592894101000001 0
796447823742315 1592894201000001 0
796447925077457 1592894301000001 0
796448026413899 1592894401000001 0
796448127694887 1592894501000001 0
796448228991576 1592894601000001 0
796448330308255 1592894701000001 0
796448431606081 1592894801000001 0
796448532812895 1592894901000001 0
