Detector: detector priority is 6
Detector: detector period is 100
Detector is finished, processed all frames.
Dumping output [ timeBefore timeAfter timeDifference heapFreeBefore heapFreeAfter detectedCollisions suspectedCollisions ] for 50 recorded detector runs, in ns
796435680360335 796435680892499 532164 2092448 2082944 1 4
796435781662226 796435783003608 1341382 2082944 2054784 1 4
796435882703894 796435884902555 2198661 2054784 2019488 2 24
796435983731898 796435985368343 1636445 2019488 1986816 0 0
796436084705477 796436086450302 1744825 1986816 1948864 3 24
796436185814080 796436187518876 1704796 1948864 1911328 2 28
796436287128158 796436288550710 1422552 1911328 1882688 0 0
796436388278232 796436389616385 1338153 1882688 1854080 1 6
796436489252774 796436490716580 1463806 1854080 1824096 0 0
796436590407837 796436591922397 1514560 1824096 1792768 0 0
796436691595729 796436693224216 1628487 1792768 1760096 0 0
796436792807404 796436794410423 1603019 1760096 1727424 0 0
796436894112056 796436895577694 1465638 1727424 1697440 0 0
796436995395506 796436996600906 1205400 1697440 1672416 1 2
796437096759674 796437098160888 1401214 1672416 1645120 0 0
796437198029855 796437199703031 1673176 1645120 1608480 2 24
796437299310790 796437301178745 1867955 1608480 1566496 3 42
796437400617778 796437402069705 1451927 1566496 1536512 0 0
796437501893735 796437503455703 1561968 1536512 1503008 2 16
796437603186404 796437604554849 1368445 1503008 1474400 1 6
796437704449269 796437705828568 1379299 1474400 1446144 0 4
796437805700897 796437807220067 1519170 1446144 1414816 0 0
796437906988914 796437908587370 1598456 1414816 1383488 0 0
796438007960153 796438008608685 648532 1383488 1352160 0 0
796438109013023 796438110545499 1532476 1352160 1320832 0 0
796438210250540 796438211638500 1387960 1320832 1292576 0 4
796438311471464 796438312830069 1358605 2092544 2063936 1 6
796438412807457 796438414359827 1552370 2063936 2030432 2 16
796438514035739 796438515568092 1532353 2030432 1999104 0 0
796438615286204 796438617066629 1780425 1999104 1959808 3 36
796438716511159 796438718172300 1661141 1959808 1923168 2 24
796438817812900 796438819193203 1380303 1923168 1894528 0 0
796438919097456 796438920303830 1206374 1894528 1869504 1 2
796439020378423 796439021769953 1391530 1869504 1840864 0 0
796439121414809 796439122940810 1526001 1840864 1809536 0 0
796439222641808 796439224329217 1687409 1809536 1775520 0 0
796439323966879 796439325520067 1553188 1775520 1744192 0 0
796439425302084 796439426682342 1380258 1744192 1715552 0 0
796439526559557 796439527909001 1349444 1715552 1686944 1 6
796439627792729 796439629208202 1415473 1686944 1658304 0 0
796439729040535 796439730732456 1691921 1658304 1620768 2 28
796439830329899 796439832113882 1783983 1620768 1582816 3 24
796439931634607 796439933263300 1628693 1582816 1550144 0 0
796440032912984 796440034598499 1685515 1550144 1513504 2 24
796440133965709 796440134456659 490950 1513504 1485344 1 4
796440235074108 796440236465033 1390925 1485344 1456736 1 6
796440336457533 796440337036775 579242 1456736 1426752 0 0
796440437755046 796440438413277 658231 1426752 1394080 0 0
796440538953807 796440539585739 631932 1394080 1361408 0 0
796440640225442 796440640836075 610633 1361408 1330080 0 0
Generated frames: 50
Received (and measured) frames: 50
Frame not ready event count (in detector): 0
Frames dropped due to full buffer in detector: 0
Frames processed by detector: 50
Detector stop indicator set: true
Reported missed detector periods (reported by waitForNextPeriod): 0
Detector first release was scheduled for: 1592874201000001
796435680331687 1592874201000001 0
796435781645822 1592874301000001 0
796435882693897 1592874401000001 0
796435983723212 1592874501000001 0
796436084695593 1592874601000001 0
796436185803885 1592874701000001 0
796436287121782 1592874801000001 0
796436388271598 1592874901000001 0
796436489244554 1592875001000001 0
796436590399948 1592875101000001 0
796436691577221 1592875201000001 0
796436792798201 1592875301000001 0
796436894102269 1592875401000001 0
796436995387473 1592875501000001 0
796437096750207 1592875601000001 0
796437198020599 1592875701000001 0
796437299303464 1592875801000001 0
796437400608081 1592875901000001 0
796437501886861 1592876001000001 0
796437603179556 1592876101000001 0
796437704442503 1592876201000001 0
796437805694057 1592876301000001 0
796437906975527 1592876401000001 0
796438007953386 1592876501000001 0
796438109003381 1592876601000001 0
796438210240065 1592876701000001 0
796438311463382 1592876801000001 0
796438412799163 1592876901000001 0
796438514027757 1592877001000001 0
796438615276196 1592877101000001 0
796438716504316 1592877201000001 0
796438817806160 1592877301000001 0
796438919090563 1592877401000001 0
796439020369403 1592877501000001 0
796439121404764 1592877601000001 0
796439222633094 1592877701000001 0
796439323960067 1592877801000001 0
796439425294953 1592877901000001 0
796439526552844 1592878001000001 0
796439627785778 1592878101000001 0
796439729033735 1592878201000001 0
796439830321342 1592878301000001 0
796439931619492 1592878401000001 0
796440032902702 1592878501000001 0
796440133960306 1592878601000001 0
796440235064246 1592878701000001 0
796440336450799 1592878801000001 0
796440437745434 1592878901000001 0
796440538946598 1592879001000001 0
796440640218636 1592879101000001 0
