Detector: detector priority is 6
Detector: detector period is 100
Detector is finished, processed all frames.
Dumping output [ timeBefore timeAfter timeDifference heapFreeBefore heapFreeAfter detectedCollisions suspectedCollisions ] for 50 recorded detector runs, in ns
796465812285996 796465812815037 529041 2092448 2082944 1 4
796465913188196 796465913693931 505735 2082944 2054784 1 4
796466014174334 796466015783869 1609535 2054784 2019488 2 24
796466115148422 796466116847339 1698917 2019488 1986816 0 0
796466216363773 796466218132384 1768611 1986816 1948864 3 24
796466317659923 796466319402854 1742931 1948864 1911328 2 28
796466418649985 796466420070787 1420802 1911328 1882688 0 0
796466519879535 796466521290025 1410490 1882688 1854080 1 6
796466621072869 796466622558583 1485714 1854080 1824096 0 0
796466722372882 796466723892916 1520034 1824096 1792768 0 0
796466823662176 796466825311698 1649522 1792768 1760096 0 0
796466924987305 796466926621092 1633787 1760096 1727424 0 0
796467026204968 796467027675432 1470464 1727424 1697440 0 0
796467127501987 796467128728448 1226461 1697440 1672416 1 2
796467228771400 796467230086438 1315038 1672416 1645120 0 0
796467330084498 796467331763276 1678778 1645120 1608480 2 24
796467431377029 796467433281497 1904468 1608480 1566496 3 42
796467532621904 796467534081329 1459425 1566496 1536512 0 0
796467633918438 796467635478130 1559692 1536512 1503008 2 16
796467735248916 796467736627965 1379049 1503008 1474400 1 6
796467836479940 796467837866791 1386851 1474400 1446144 0 4
796467937338282 796467938915509 1577227 1446144 1414816 0 0
796468038404114 796468039969811 1565697 1414816 1383488 0 0
796468139470497 796468141022332 1551835 1383488 1352160 0 0
796468240721669 796468242259125 1537456 1352160 1320832 0 0
796468342049882 796468343431777 1381895 1320832 1292576 0 4
796468443342661 796468444711583 1368922 2092544 2063936 1 6
796468544677044 796468546235205 1558161 2063936 2030432 2 16
796468645807980 796468647341984 1534004 2030432 1999104 0 0
796468747053096 796468748830103 1777007 1999104 1959808 3 36
796468848290183 796468849955160 1664977 1959808 1923168 2 24
796468949485595 796468950873781 1388186 1923168 1894528 0 0
796469050826362 796469052034826 1208464 1894528 1869504 1 2
796469152118846 796469153510420 1391574 1869504 1840864 0 0
796469253341892 796469254868834 1526942 1840864 1809536 0 0
796469354615582 796469356323946 1708364 1809536 1775520 0 0
796469455983352 796469457554038 1570686 1775520 1744192 0 0
796469557255759 796469558640818 1385059 1744192 1715552 0 0
796469658442461 796469659812168 1369707 1715552 1686944 1 6
796469759791054 796469761211965 1420911 1686944 1658304 0 0
796469861035040 796469862734497 1699457 1658304 1620768 2 28
796469962226982 796469963995128 1768146 1620768 1582816 3 24
796470063481554 796470065116093 1634539 1582816 1550144 0 0
796470164495702 796470166752152 2256450 1550144 1513504 2 24
796470265724022 796470266271746 547724 1513504 1485344 1 4
796470367090980 796470368480515 1389535 1485344 1456736 1 6
796470468407253 796470469857159 1449906 1456736 1426752 0 0
796470569515445 796470570155884 640439 1426752 1394080 0 0
796470670784529 796470671436501 651972 1394080 1361408 0 0
796470772103480 796470772724374 620894 1361408 1330080 0 0
Generated frames: 50
Received (and measured) frames: 50
Frame not ready event count (in detector): 0
Frames dropped due to full buffer in detector: 0
Frames processed by detector: 50
Detector stop indicator set: true
Reported missed detector periods (reported by waitForNextPeriod): 0
Detector first release was scheduled for: 1592934601000001
796465812261786 1592934601000001 0
796465913176708 1592934701000001 0
796466014166112 1592934801000001 0
796466115140542 1592934901000001 0
796466216354984 1592935001000001 0
796466317651204 1592935101000001 0
796466418643474 1592935201000001 0
796466519872594 1592935301000001 0
796466621066215 1592935401000001 0
796466722366226 1592935501000001 0
796466823644448 1592935601000001 0
796466924978409 1592935701000001 0
796467026194820 1592935801000001 0
796467127492649 1592935901000001 0
796467228764362 1592936001000001 0
796467330077731 1592936101000001 0
796467431369769 1592936201000001 0
796467532611468 1592936301000001 0
796467633909038 1592936401000001 0
796467735239346 1592936501000001 0
796467836471899 1592936601000001 0
796467937328568 1592936701000001 0
796468038388208 1592936801000001 0
796468139460835 1592936901000001 0
796468240714926 1592937001000001 0
796468342043218 1592937101000001 0
796468443336083 1592937201000001 0
796468544670030 1592937301000001 0
796468645800669 1592937401000001 0
796468747044375 1592937501000001 0
796468848283359 1592937601000001 0
796468949478666 1592937701000001 0
796469050815766 1592937801000001 0
796469152109206 1592937901000001 0
796469253335073 1592938001000001 0
796469354604638 1592938101000001 0
796469455976476 1592938201000001 0
796469557249035 1592938301000001 0
796469658435729 1592938401000001 0
796469759784299 1592938501000001 0
796469861028153 1592938601000001 0
796469962215767 1592938701000001 0
796470063463946 1592938801000001 0
796470164484679 1592938901000001 0
796470265714113 1592939001000001 0
796470367082923 1592939101000001 0
796470468400230 1592939201000001 0
796470569504898 1592939301000001 0
796470670776457 1592939401000001 0
796470772096672 1592939501000001 0
