Detector: detector priority is 6
Detector: detector period is 100
Detector is finished, processed all frames.
Dumping output [ timeBefore timeAfter timeDifference heapFreeBefore heapFreeAfter detectedCollisions suspectedCollisions ] for 20 recorded detector runs, in ns
456887973 460271053 3383080 816688 808404 1 4
557664560 570711173 13046613 808356 781192 1 4
657665480 678740293 21074813 781144 746432 2 24
757659160 771469186 13810026 746384 714800 0 0
858102226 880619626 22517400 714752 677372 3 24
958102746 980993453 22890707 677324 640292 2 28
1058119386 1070199906 12080520 640244 612692 0 0
1158136760 1171500640 13363880 612644 584992 1 6
1258133386 1270827040 12693654 584944 556048 0 0
1358127680 1371101840 12974160 556000 525760 0 0
1458106213 1472063373 13957160 525712 494128 0 0
1558114120 1572007466 13893346 494080 462496 0 0
1658123013 1670854026 12731013 462448 433552 0 0
1758138986 1768978666 10839680 433504 409516 1 2
1858137106 1869638720 11501614 409468 383260 0 0
1958127826 1979879666 21751840 383212 347156 2 24
2058111600 2087085413 28973813 347108 305336 3 42
2158105946 2170622893 12516947 305288 276392 0 0
2258114946 2276288400 18173454 276344 243584 2 16
2358151160 2371388266 13237106 243536 215884 1 6
Generated frames: 20
Received (and measured) frames: 20
Frame not ready event count (in detector): 0
Frames dropped due to full buffer in detector: 0
Frames processed by detector: 20
Detector stop indicator set: true
Reported missed detector periods (reported by waitForNextPeriod): 0
Detector first release was scheduled for: 4294971101000001
456741813 4294971101000001 0
556740053 4294971201000001 0
656739906 4294971301000001 0
756739946 4294971401000001 0
856739840 4294971501000001 0
956740026 4294971601000001 0
1056739933 4294971701000001 0
1156739853 4294971801000001 0
1256739640 4294971901000001 0
1356739920 4294972001000001 0
1456739880 4294972101000001 0
1556739960 4294972201000001 0
1656739813 4294972301000001 0
1756739906 4294972401000001 0
1856740120 4294972501000001 0
1956739960 4294972601000001 0
2056739933 4294972701000001 0
2156739693 4294972801000001 0
2256739893 4294972901000001 0
2356739826 4294973001000001 0
