Detector: detector priority is 6
Detector: detector period is 100
Detector is finished, processed all frames.
Dumping output [ timeBefore timeAfter timeDifference heapFreeBefore heapFreeAfter detectedCollisions suspectedCollisions ] for 20 recorded detector runs, in ns
259180746 262485266 3304520 816800 811244 1 4
359955986 372300560 12344574 811196 794248 1 4
459957840 480209813 20251973 794200 772136 2 24
559951680 572907560 12955880 772088 752768 0 0
660396106 681990546 21594440 752720 729140 3 24
760396760 782418000 22021240 729092 705540 2 28
860413093 871773800 11360707 705492 688476 0 0
960430453 973114693 12684240 688428 671120 1 6
1060426773 1072354826 11928053 671072 653288 0 0
1160421546 1172602026 12180480 653240 634688 0 0
1260398626 1273477933 13079307 634640 615320 0 0
1360407906 1373441866 13033960 615272 595952 0 0
1460416666 1472376520 11959854 595904 578120 0 0
1560432120 1570690986 10258866 578072 563020 1 2
1660430573 1671257653 10827080 562972 546724 0 0
1760421360 1781302466 20881106 546676 523844 2 24
1860405280 1888403720 27998440 523796 496976 3 42
1960399693 1972161040 11761347 496928 479144 0 0
2060408186 2077773880 17365694 479096 458472 2 16
2160444973 2173010920 12565947 458424 441116 1 6
Generated frames: 20
Received (and measured) frames: 20
Frame not ready event count (in detector): 0
Frames dropped due to full buffer in detector: 0
Frames processed by detector: 20
Detector stop indicator set: true
Reported missed detector periods (reported by waitForNextPeriod): 0
Detector first release was scheduled for: 4294970701000001
259034186 4294970701000001 0
359032213 4294970801000001 0
459031866 4294970901000001 0
559032080 4294971001000001 0
659032120 4294971101000001 0
759032280 4294971201000001 0
859032213 4294971301000001 0
959032173 4294971401000001 0
1059031800 4294971501000001 0
1159032066 4294971601000001 0
1259031973 4294971701000001 0
1359032040 4294971801000001 0
1459031800 4294971901000001 0
1559031960 4294972001000001 0
1659031946 4294972101000001 0
1759032226 4294972201000001 0
1859032173 4294972301000001 0
1959032040 4294972401000001 0
2059031826 4294972501000001 0
2159032026 4294972601000001 0
