Detector: detector priority is 6
Detector: detector period is 100
Detector is finished, processed all frames.
Dumping output [ timeBefore timeAfter timeDifference heapFreeBefore heapFreeAfter detectedCollisions suspectedCollisions ] for 20 recorded detector runs, in ns
619672520 626092226 6419706 817048 811604 1 4
720437893 744457386 24019493 811556 794720 1 4
820438053 854910666 34472613 794672 772720 2 24
920432320 947432133 26999813 772672 753464 0 0
1020884546 1057968533 37083987 753416 729948 3 24
1120886866 1158048293 37161427 729900 706460 2 28
1220903426 1244341453 23438027 706412 689508 0 0
1320923373 1345384293 24460920 689460 672264 1 6
1420917320 1445580920 24663600 672216 654544 0 0
1520911680 1546461013 25549333 654496 636056 0 0
1620890586 1648038813 27148227 636008 616800 0 0
1720896253 1747979680 27083427 616752 597544 0 0
1820907160 1845605613 24698453 597496 579824 0 0
1920923533 1941400946 20477413 579776 564836 1 2
2020923480 2043164426 22240946 564788 548652 0 0
2120913933 2156638133 35724200 548604 525884 2 24
2220895226 2265472426 44577200 525836 499128 3 42
2320890746 2345374546 24483800 499080 481408 0 0
2420898866 2451955266 31056400 481360 460848 2 16
2520936986 2545263480 24326494 460800 443604 1 6
Generated frames: 20
Received (and measured) frames: 20
Frame not ready event count (in detector): 0
Frames dropped due to full buffer in detector: 0
Frames processed by detector: 20
Detector stop indicator set: true
Reported missed detector periods (reported by waitForNextPeriod): 0
Detector first release was scheduled for: 4294971501000001
619525986 4294971501000001 0
719523840 4294971601000001 0
819523773 4294971701000001 0
919523880 4294971801000001 0
1019523800 4294971901000001 0
1119523840 4294972001000001 0
1219523920 4294972101000001 0
1319523946 4294972201000001 0
1419523773 4294972301000001 0
1519523880 4294972401000001 0
1619523746 4294972501000001 0
1719523920 4294972601000001 0
1819523853 4294972701000001 0
1919523786 4294972801000001 0
2019523973 4294972901000001 0
2119524013 4294973001000001 0
2219523880 4294973101000001 0
2319523746 4294973201000001 0
2419523866 4294973301000001 0
2519523760 4294973401000001 0
