Detector: detector priority is 6
Detector: detector period is 100
Detector is finished, processed all frames.
Dumping output [ timeBefore timeAfter timeDifference heapFreeBefore heapFreeAfter detectedCollisions suspectedCollisions ] for 20 recorded detector runs, in ns
480541546 484081533 3539987 817048 811604 1 4
581307200 594739040 13431840 811556 794720 1 4
681307760 703344746 22036986 794672 772720 2 24
781301480 795467080 14165600 772672 753464 0 0
881751893 905245320 23493427 753416 729948 3 24
981752693 1005730213 23977520 729900 706460 2 28
1081769013 1094160426 12391413 706412 689508 0 0
1181788226 1195630746 13842520 689460 672264 1 6
1281784586 1294803466 13018880 672216 654544 0 0
1381778933 1395112826 13333893 654496 636056 0 0
1481755400 1496060506 14305106 636008 616800 0 0
1581763600 1596014960 14251360 616752 597544 0 0
1681772293 1694823880 13051587 597496 579824 0 0
1781790346 1792957306 11166960 579776 564836 1 2
1881787853 1893588973 11801120 564788 548652 0 0
1981779000 2004500426 22721426 548604 525884 2 24
2081760760 2112170680 30409920 525836 499128 3 42
2181755333 2194602320 12846987 499080 481408 0 0
2281764120 2300688133 18924013 481360 460848 2 16
2381802733 2395527360 13724627 460800 443604 1 6
Generated frames: 20
Received (and measured) frames: 20
Frame not ready event count (in detector): 0
Frames dropped due to full buffer in detector: 0
Frames processed by detector: 20
Detector stop indicator set: true
Reported missed detector periods (reported by waitForNextPeriod): 0
Detector first release was scheduled for: 4294971101000001
480397106 4294971101000001 0
580395240 4294971201000001 0
680395040 4294971301000001 0
780395053 4294971401000001 0
880395000 4294971501000001 0
980395186 4294971601000001 0
1080395266 4294971701000001 0
1180395173 4294971801000001 0
1280395026 4294971901000001 0
1380394973 4294972001000001 0
1480394933 4294972101000001 0
1580395120 4294972201000001 0
1680394986 4294972301000001 0
1780395080 4294972401000001 0
1880395186 4294972501000001 0
1980395173 4294972601000001 0
2080395280 4294972701000001 0
2180395066 4294972801000001 0
2280394973 4294972901000001 0
2380395013 4294973001000001 0
