Detector: detector priority is 6
Detector: detector period is 100
Detector is finished, processed all frames.
Dumping output [ timeBefore timeAfter timeDifference heapFreeBefore heapFreeAfter detectedCollisions suspectedCollisions ] for 50 recorded detector runs, in ns
370580626 375726013 5145387 813920 797120 1 4
471328666 489829586 18500920 797024 741472 1 4
571330640 599486160 28155520 741376 671776 2 24
671324520 691452706 20128186 671680 606240 0 0
771757666 801941160 30183494 606144 530816 3 24
871757880 902208440 30450560 530720 456576 2 28
971774013 989347440 17573427 456480 399680 0 0
1071799933 1090696320 18896387 399584 343200 1 6
1171796333 1190263946 18467613 343104 283424 0 0
1271790560 1290767026 18976466 283328 220768 0 0
1371761880 1392060706 20298826 220672 155232 0 0
1471768800 1491996093 20227293 814432 748992 0 0
1571777946 1590280200 18502254 748896 689216 0 0
1671802880 1687376653 15573773 689120 640160 1 2
1771800493 1788512520 16712027 640064 586144 0 0
1871791520 1900902960 29111440 586048 513568 2 24
1971766626 2009386400 37619774 513472 430656 3 42
2071762346 2090016586 18254240 430560 370880 0 0
2171770240 2196621066 24850826 370784 304512 2 16
2271813906 2290570920 18757014 304416 248032 1 6
2371800200 2390596626 18796426 247936 190880 0 4
2471800920 2490821920 19021000 814432 751872 0 0
2571768560 2591218373 19449813 751776 689216 0 0
2671772973 2690702200 18929227 689120 626560 0 0
2771777973 2791259173 19481200 626464 563904 0 0
2871794506 2890406306 18611800 563808 506752 0 4
2971800746 2991011493 19210747 506656 450272 1 6
3071792626 3096513480 24720854 450176 383904 2 16
3171798120 3191104160 19306040 383808 321248 0 0
3271761186 3305784240 34023054 321152 243712 3 36
3371770280 3400662706 28892426 814432 741952 2 24
3471776586 3489371800 17595214 741856 685056 0 0
3571816133 3587345466 15529333 684960 636000 1 2
3671808333 3689223333 17415000 635904 579104 0 0
3771801626 3790838200 19036574 579008 516448 0 0
3871765826 3892814573 21048747 516352 448032 0 0
3971769973 3991079413 19309440 447936 385376 0 0
4071772493 4089274133 17501640 385280 328480 0 0
4171815986 4190991920 19175934 328384 272000 1 6
4271804466 4289378600 17574134 271904 215104 0 0
4371803040 4402642040 30839000 215008 140864 2 28
4471768146 4501805306 30037160 814432 739104 3 24
4571762546 4591747533 19984987 739008 673568 0 0
4671768400 4701078760 29310360 673472 600992 2 24
4771836493 4789784240 17947747 600896 545344 1 4
4871807946 4890986746 19178800 545248 488864 1 6
4971805306 4989932613 18127307 488768 429088 0 0
5071800333 5092101093 20300760 428992 363552 0 0
5171778013 5191640960 19862947 363456 298016 0 0
5271777733 5291195160 19417427 297920 235360 0 0
Generated frames: 50
Received (and measured) frames: 50
Frame not ready event count (in detector): 0
Frames dropped due to full buffer in detector: 0
Frames processed by detector: 50
Detector stop indicator set: true
Reported missed detector periods (reported by waitForNextPeriod): 0
Detector first release was scheduled for: 4294970901000001
370427386 4294970901000001 0
470427400 4294971001000001 0
570427240 4294971101000001 0
670427440 4294971201000001 0
770427200 4294971301000001 0
870427560 4294971401000001 0
970427413 4294971501000001 0
1070427426 4294971601000001 0
1170427346 4294971701000001 0
1270427466 4294971801000001 0
1370427453 4294971901000001 0
1470427453 4294972001000001 0
1570427520 4294972101000001 0
1670427480 4294972201000001 0
1770427346 4294972301000001 0
1870427453 4294972401000001 0
1970427373 4294972501000001 0
2070427426 4294972601000001 0
2170427440 4294972701000001 0
2270427440 4294972801000001 0
2370427413 4294972901000001 0
2470427186 4294973001000001 0
2570427346 4294973101000001 0
2670427240 4294973201000001 0
2770427373 4294973301000001 0
2870427186 4294973401000001 0
2970427453 4294973501000001 0
3070427200 4294973601000001 0
3170427493 4294973701000001 0
3270427186 4294973801000001 0
3370427426 4294973901000001 0
3470427400 4294974001000001 0
3570427493 4294974101000001 0
3670427493 4294974201000001 0
3770427533 4294974301000001 0
3870427253 4294974401000001 0
3970427466 4294974501000001 0
4070427186 4294974601000001 0
4170427186 4294974701000001 0
4270427253 4294974801000001 0
4370427466 4294974901000001 0
4470427466 4294975001000001 0
4570427426 4294975101000001 0
4670427506 4294975201000001 0
4770427493 4294975301000001 0
4870427493 4294975401000001 0
4970427200 4294975501000001 0
5070427186 4294975601000001 0
5170427440 4294975701000001 0
5270427186 4294975801000001 0
