Detector: detector priority is 6
Detector: detector period is 100
Detector is finished, processed all frames.
Dumping output [ timeBefore timeAfter timeDifference heapFreeBefore heapFreeAfter detectedCollisions suspectedCollisions ] for 50 recorded detector runs, in ns
165544880 170691520 5146640 813920 797120 1 4
266292813 284791000 18498187 797024 741472 1 4
366295533 394447586 28152053 741376 671776 2 24
466288906 486408240 20119334 671680 606240 0 0
566722440 596904746 30182306 606144 530816 3 24
666722040 697172400 30450360 530720 456576 2 28
766738400 784311360 17572960 456480 399680 0 0
866764213 885660480 18896267 399584 343200 1 6
966760773 985228346 18467573 343104 283424 0 0
1066755240 1085730906 18975666 283328 220768 0 0
1166726120 1187023933 20297813 220672 155232 0 0
1266732786 1286960013 20227227 814432 748992 0 0
1366742400 1385244253 18501853 748896 689216 0 0
1466766866 1482341146 15574280 689120 640160 1 2
1566764733 1583477306 16712573 640064 586144 0 0
1666755826 1695866706 29110880 586048 513568 2 24
1766730946 1804350080 37619134 513472 430656 3 42
1866724640 1884959866 18235226 430560 370880 0 0
1966734773 1991583813 24849040 370784 304512 2 16
2066778306 2085534346 18756040 304416 248032 1 6
2166764613 2185561026 18796413 247936 190880 0 4
2266765186 2285785773 19020587 814432 751872 0 0
2366733226 2386183293 19450067 751776 689216 0 0
2466737440 2485666480 18929040 689120 626560 0 0
2566741893 2586223493 19481600 626464 563904 0 0
2666759173 2685370933 18611760 563808 506752 0 4
2766764880 2785975080 19210200 506656 450272 1 6
2866755613 2891465426 24709813 450176 383904 2 16
2966762413 2986069240 19306827 383808 321248 0 0
3066725520 3100748640 34023120 321152 243712 3 36
3166734760 3195626826 28892066 814432 741952 2 24
3266740560 3284335120 17594560 741856 685056 0 0
3366780453 3382311280 15530827 684960 636000 1 2
3466772893 3484188200 17415307 635904 579104 0 0
3566765960 3585801893 19035933 579008 516448 0 0
3666730066 3687778626 21048560 516352 448032 0 0
3766734466 3786043480 19309014 447936 385376 0 0
3866736773 3884237453 17500680 385280 328480 0 0
3966780653 3985955280 19174627 328384 272000 1 6
4066768786 4084343880 17575094 271904 215104 0 0
4166767226 4197605426 30838200 215008 140864 2 28
4266732653 4296769773 30037120 814432 739104 3 24
4366726640 4386710053 19983413 739008 673568 0 0
4466732400 4496042506 29310106 673472 600992 2 24
4566800680 4584748440 17947760 600896 545344 1 4
4666772560 4685951666 19179106 545248 488864 1 6
4766769600 4784897546 18127946 488768 429088 0 0
4866764893 4887065013 20300120 428992 363552 0 0
4966742426 4986605373 19862947 363456 298016 0 0
5066742253 5086158946 19416693 297920 235360 0 0
Generated frames: 50
Received (and measured) frames: 50
Frame not ready event count (in detector): 0
Frames dropped due to full buffer in detector: 0
Frames processed by detector: 50
Detector stop indicator set: true
Reported missed detector periods (reported by waitForNextPeriod): 0
Detector first release was scheduled for: 4294970501000001
165391600 4294970501000001 0
265391746 4294970601000001 0
365391920 4294970701000001 0
465391880 4294970801000001 0
565391773 4294970901000001 0
665391746 4294971001000001 0
765391813 4294971101000001 0
865391906 4294971201000001 0
965391853 4294971301000001 0
1065391773 4294971401000001 0
1165391813 4294971501000001 0
1265391773 4294971601000001 0
1365391733 4294971701000001 0
1465391733 4294971801000001 0
1565391653 4294971901000001 0
1665391653 4294972001000001 0
1765391613 4294972101000001 0
1865391573 4294972201000001 0
1965391880 4294972301000001 0
2065391773 4294972401000001 0
2165391653 4294972501000001 0
2265391573 4294972601000001 0
2365391800 4294972701000001 0
2465391586 4294972801000001 0
2565391573 4294972901000001 0
2665391920 4294973001000001 0
2765391853 4294973101000001 0
2865391800 4294973201000001 0
2965392013 4294973301000001 0
3065391760 4294973401000001 0
3165391586 4294973501000001 0
3265391626 4294973601000001 0
3365391640 4294973701000001 0
3465391653 4294973801000001 0
3565391866 4294973901000001 0
3665391640 4294974001000001 0
3765391880 4294974101000001 0
3865391640 4294974201000001 0
3965391866 4294974301000001 0
4065391653 4294974401000001 0
4165391600 4294974501000001 0
4265391786 4294974601000001 0
4365391826 4294974701000001 0
4465391573 4294974801000001 0
4565391826 4294974901000001 0
4665391826 4294975001000001 0
4765391853 4294975101000001 0
4865391746 4294975201000001 0
4965391893 4294975301000001 0
5065391760 4294975401000001 0
