Detector: detector priority is 6
Detector: detector period is 100
Detector is finished, processed all frames.
Dumping output [ timeBefore timeAfter timeDifference heapFreeBefore heapFreeAfter detectedCollisions suspectedCollisions ] for 50 recorded detector runs, in ns
165099466 170244906 5145440 813920 797120 1 4
265847240 284346786 18499546 797024 741472 1 4
365849680 394001653 28151973 741376 671776 2 24
465843200 485964026 20120826 671680 606240 0 0
566276426 596458666 30182240 606144 530816 3 24
666276520 696725853 30449333 530720 456576 2 28
766292760 783866293 17573533 456480 399680 0 0
866318800 885215706 18896906 399584 343200 1 6
966315200 984782640 18467440 343104 283424 0 0
1066309440 1085285840 18976400 283328 220768 0 0
1166280653 1186579146 20298493 220672 155232 0 0
1266286840 1286515026 20228186 814432 748992 0 0
1366296480 1384799080 18502600 748896 689216 0 0
1466321453 1481895080 15573627 689120 640160 1 2
1566319253 1583031493 16712240 640064 586144 0 0
1666310626 1695420813 29110187 586048 513568 2 24
1766285373 1803904320 37618947 513472 430656 3 42
1866279013 1884514240 18235227 430560 370880 0 0
1966288933 1991139026 24850093 370784 304512 2 16
2066333000 2085090453 18757453 304416 248032 1 6
2166318600 2185115200 18796600 247936 190880 0 4
2266319866 2285339906 19020040 814432 751872 0 0
2366287600 2385737706 19450106 751776 689216 0 0
2466291973 2485220893 18928920 689120 626560 0 0
2566296573 2585779346 19482773 626464 563904 0 0
2666312973 2684925773 18612800 563808 506752 0 4
2766319280 2785529960 19210680 506656 450272 1 6
2866309760 2891005133 24695373 450176 383904 2 16
2966316800 2985623813 19307013 383808 321248 0 0
3066279600 3100303173 34023573 321152 243712 3 36
3166289466 3195181453 28891987 814432 741952 2 24
3266295120 3283889960 17594840 741856 685056 0 0
3366335066 3381865946 15530880 684960 636000 1 2
3466327280 3483741760 17414480 635904 579104 0 0
3566320373 3585356493 19036120 579008 516448 0 0
3666284786 3687333493 21048707 516352 448032 0 0
3766288480 3785596960 19308480 447936 385376 0 0
3866291346 3883792986 17501640 385280 328480 0 0
3966334920 3985510053 19175133 328384 272000 1 6
4066323186 4083897386 17574200 271904 215104 0 0
4166321906 4197161520 30839614 215008 140864 2 28
4266287026 4296324200 30037174 814432 739104 3 24
4366280773 4386264626 19983853 739008 673568 0 0
4466287186 4495598346 29311160 673472 600992 2 24
4566355133 4584302600 17947467 600896 545344 1 4
4666327266 4685506040 19178774 545248 488864 1 6
4766323946 4784451293 18127347 488768 429088 0 0
4866319200 4886618440 20299240 428992 363552 0 0
4966296693 4986159360 19862667 363456 298016 0 0
5066296093 5085713773 19417680 297920 235360 0 0
Generated frames: 50
Received (and measured) frames: 50
Frame not ready event count (in detector): 0
Frames dropped due to full buffer in detector: 0
Frames processed by detector: 50
Detector stop indicator set: true
Reported missed detector periods (reported by waitForNextPeriod): 0
Detector first release was scheduled for: 4294970501000001
164946226 4294970501000001 0
264946186 4294970601000001 0
364946200 4294970701000001 0
464946146 4294970801000001 0
564946000 4294970901000001 0
664946106 4294971001000001 0
764946173 4294971101000001 0
864946306 4294971201000001 0
964946240 4294971301000001 0
1064946106 4294971401000001 0
1164946240 4294971501000001 0
1264945986 4294971601000001 0
1364946013 4294971701000001 0
1464946280 4294971801000001 0
1564946226 4294971901000001 0
1664946213 4294972001000001 0
1764945946 4294972101000001 0
1864945946 4294972201000001 0
1964946240 4294972301000001 0
2064946253 4294972401000001 0
2164946000 4294972501000001 0
2264946133 4294972601000001 0
2364946133 4294972701000001 0
2464946160 4294972801000001 0
2564946160 4294972901000001 0
2664945946 4294973001000001 0
2764946186 4294973101000001 0
2864945946 4294973201000001 0
2964946173 4294973301000001 0
3064946000 4294973401000001 0
3164946320 4294973501000001 0
3264946000 4294973601000001 0
3364946186 4294973701000001 0
3464946213 4294973801000001 0
3564946240 4294973901000001 0
3664946173 4294974001000001 0
3764945946 4294974101000001 0
3864946226 4294974201000001 0
3964946133 4294974301000001 0
4064946186 4294974401000001 0
4164946253 4294974501000001 0
4264946173 4294974601000001 0
4364945946 4294974701000001 0
4464946213 4294974801000001 0
4564946280 4294974901000001 0
4664946186 4294975001000001 0
4764945986 4294975101000001 0
4864945946 4294975201000001 0
4964946213 4294975301000001 0
5064945946 4294975401000001 0
