Detector: detector priority is 6
Detector: detector period is 100
Detector is finished, processed all frames.
Dumping output [ timeBefore timeAfter timeDifference heapFreeBefore heapFreeAfter detectedCollisions suspectedCollisions ] for 50 recorded detector runs, in ns
169887693 175034506 5146813 813920 797120 1 4
270635573 289132666 18497093 797024 741472 1 4
370637973 398768226 28130253 741376 671776 2 24
470631586 490760293 20128707 671680 606240 0 0
571064866 601247973 30183107 606144 530816 3 24
671064733 701514400 30449667 530720 456576 2 28
771081213 788654146 17572933 456480 399680 0 0
871107066 890003080 18896014 399584 343200 1 6
971103426 989570413 18466987 343104 283424 0 0
1071097760 1090074400 18976640 283328 220768 0 0
1171068573 1191367146 20298573 220672 155232 0 0
1271075853 1291302480 20226627 814432 748992 0 0
1371085080 1389587266 18502186 748896 689216 0 0
1471109733 1486683866 15574133 689120 640160 1 2
1571107626 1587820440 16712814 640064 586144 0 0
1671098746 1700208880 29110134 586048 513568 2 24
1771072013 1808661000 37588987 513472 430656 3 42
1871069293 1889322440 18253147 430560 370880 0 0
1971077093 1995926333 24849240 370784 304512 2 16
2071120813 2089877666 18756853 304416 248032 1 6
2171107266 2189904000 18796734 247936 190880 0 4
2271108160 2290129080 19020920 814432 751872 0 0
2371076120 2390525960 19449840 751776 689216 0 0
2471080346 2490009440 18929094 689120 626560 0 0
2571084986 2590566693 19481707 626464 563904 0 0
2671101706 2689714373 18612667 563808 506752 0 4
2771105706 2790296693 19190987 506656 450272 1 6
2871099626 2895819573 24719947 450176 383904 2 16
2971104960 2990411480 19306520 383808 321248 0 0
3071067773 3105091440 34023667 321152 243712 3 36
3171077280 3199969533 28892253 814432 741952 2 24
3271083493 3288678560 17595067 741856 685056 0 0
3371123466 3386654040 15530574 684960 636000 1 2
3471115693 3488530786 17415093 635904 579104 0 0
3571108360 3590144986 19036626 579008 516448 0 0
3671073093 3692121560 21048467 516352 448032 0 0
3771076840 3790386146 19309306 447936 385376 0 0
3871079666 3888581053 17501387 385280 328480 0 0
3971123160 3990298360 19175200 328384 272000 1 6
4071111680 4088686226 17574546 271904 215104 0 0
4171110333 4201948960 30838627 215008 140864 2 28
4271075466 4301111773 30036307 814432 739104 3 24
4371069040 4391053040 19984000 739008 673568 0 0
4471075253 4500385693 29310440 673472 600992 2 24
4571143146 4589090293 17947147 600896 545344 1 4
4671115000 4690294186 19179186 545248 488864 1 6
4771112560 4789240560 18128000 488768 429088 0 0
4871107626 4891407586 20299960 428992 363552 0 0
4971085000 4990948360 19863360 363456 298016 0 0
5071085200 5090502200 19417000 297920 235360 0 0
Generated frames: 50
Received (and measured) frames: 50
Frame not ready event count (in detector): 0
Frames dropped due to full buffer in detector: 0
Frames processed by detector: 50
Detector stop indicator set: true
Reported missed detector periods (reported by waitForNextPeriod): 0
Detector first release was scheduled for: 4294970501000001
169734466 4294970501000001 0
269734413 4294970601000001 0
369734400 4294970701000001 0
469734440 4294970801000001 0
569734466 4294970901000001 0
669734426 4294971001000001 0
769734440 4294971101000001 0
869734493 4294971201000001 0
969734400 4294971301000001 0
1069734520 4294971401000001 0
1169734400 4294971501000001 0
1269734426 4294971601000001 0
1369734506 4294971701000001 0
1469734280 4294971801000001 0
1569734453 4294971901000001 0
1669734466 4294972001000001 0
1769734426 4294972101000001 0
1869734373 4294972201000001 0
1969734253 4294972301000001 0
2069734226 4294972401000001 0
2169734426 4294972501000001 0
2269734386 4294972601000001 0
2369734493 4294972701000001 0
2469734560 4294972801000001 0
2569734493 4294972901000001 0
2669734213 4294973001000001 0
2769734200 4294973101000001 0
2869734200 4294973201000001 0
2969734386 4294973301000001 0
3069734240 4294973401000001 0
3169734386 4294973501000001 0
3269734506 4294973601000001 0
3369734466 4294973701000001 0
3469734533 4294973801000001 0
3569734373 4294973901000001 0
3669734493 4294974001000001 0
3769734386 4294974101000001 0
3869734453 4294974201000001 0
3969734466 4294974301000001 0
4069734466 4294974401000001 0
4169734400 4294974501000001 0
4269734426 4294974601000001 0
4369734200 4294974701000001 0
4469734400 4294974801000001 0
4569734200 4294974901000001 0
4669734373 4294975001000001 0
4769734453 4294975101000001 0
4869734200 4294975201000001 0
4969734506 4294975301000001 0
5069734453 4294975401000001 0
