Detector: detector priority is 6
Detector: detector period is 100
Detector is finished, processed all frames.
Dumping output [ timeBefore timeAfter timeDifference heapFreeBefore heapFreeAfter detectedCollisions suspectedCollisions ] for 50 recorded detector runs, in ns
165954213 171101160 5146947 813920 797120 1 4
266702173 285202013 18499840 797024 741472 1 4
366703413 394853080 28149667 741376 671776 2 24
466698186 486822360 20124174 671680 606240 0 0
567131413 597314680 30183267 606144 530816 3 24
667131506 697581413 30449907 530720 456576 2 28
767147346 784720653 17573307 456480 399680 0 0
867173080 886070080 18897000 399584 343200 1 6
967169733 985637240 18467507 343104 283424 0 0
1067164053 1086140826 18976773 283328 220768 0 0
1167135640 1187433506 20297866 220672 155232 0 0
1267142040 1287369533 20227493 814432 748992 0 0
1367151586 1385653880 18502294 748896 689216 0 0
1467176093 1482749760 15573667 689120 640160 1 2
1567173773 1583886173 16712400 640064 586144 0 0
1667164813 1696274253 29109440 586048 513568 2 24
1767140226 1804758933 37618707 513472 430656 3 42
1867134013 1885369213 18235200 430560 370880 0 0
1967143840 1991993880 24850040 370784 304512 2 16
2067187546 2085944653 18757107 304416 248032 1 6
2167173826 2185969506 18795680 247936 190880 0 4
2267174626 2286194693 19020067 814432 751872 0 0
2367142346 2386591800 19449454 751776 689216 0 0
2467146706 2486076480 18929774 689120 626560 0 0
2567151533 2586633866 19482333 626464 563904 0 0
2667168426 2685781360 18612934 563808 506752 0 4
2767173880 2786383920 19210040 506656 450272 1 6
2867164760 2891860146 24695386 450176 383904 2 16
2967171666 2986478546 19306880 383808 321248 0 0
3067134440 3101157933 34023493 321152 243712 3 36
3167144013 3196036466 28892453 814432 741952 2 24
3267149746 3284745480 17595734 741856 685056 0 0
3367189960 3382720826 15530866 684960 636000 1 2
3467181533 3484596840 17415307 635904 579104 0 0
3567175146 3586212026 19036880 579008 516448 0 0
3667139440 3688187573 21048133 516352 448032 0 0
3767143533 3786452173 19308640 447936 385376 0 0
3867145640 3884646226 17500586 385280 328480 0 0
3967189733 3986364706 19174973 328384 272000 1 6
4067178493 4084753706 17575213 271904 215104 0 0
4167176413 4198015346 30838933 215008 140864 2 28
4267141293 4297177520 30036227 814432 739104 3 24
4367135706 4387119560 19983854 739008 673568 0 0
4467141973 4496453120 29311147 673472 600992 2 24
4567209960 4585157360 17947400 600896 545344 1 4
4667181640 4686360666 19179026 545248 488864 1 6
4767178960 4785307186 18128226 488768 429088 0 0
4867174106 4887473600 20299494 428992 363552 0 0
4967151600 4987015213 19863613 363456 298016 0 0
5067151253 5086568253 19417000 297920 235360 0 0
Generated frames: 50
Received (and measured) frames: 50
Frame not ready event count (in detector): 0
Frames dropped due to full buffer in detector: 0
Frames processed by detector: 50
Detector stop indicator set: true
Reported missed detector periods (reported by waitForNextPeriod): 0
Detector first release was scheduled for: 4294970501000001
165800960 4294970501000001 0
265800760 4294970601000001 0
365800946 4294970701000001 0
465800773 4294970801000001 0
565801000 4294970901000001 0
665800946 4294971001000001 0
765800746 4294971101000001 0
865800720 4294971201000001 0
965800853 4294971301000001 0
1065800960 4294971401000001 0
1165800946 4294971501000001 0
1265801040 4294971601000001 0
1365801053 4294971701000001 0
1465800746 4294971801000001 0
1565800706 4294971901000001 0
1665800693 4294972001000001 0
1765800973 4294972101000001 0
1865800946 4294972201000001 0
1965800973 4294972301000001 0
2065800906 4294972401000001 0
2165800946 4294972501000001 0
2265800773 4294972601000001 0
2365800973 4294972701000001 0
2465800693 4294972801000001 0
2565800946 4294972901000001 0
2665801000 4294973001000001 0
2765800893 4294973101000001 0
2865800946 4294973201000001 0
2965800920 4294973301000001 0
3065800773 4294973401000001 0
3165800946 4294973501000001 0
3265800706 4294973601000001 0
3365800960 4294973701000001 0
3465800920 4294973801000001 0
3565800946 4294973901000001 0
3665800933 4294974001000001 0
3765801026 4294974101000001 0
3865800693 4294974201000001 0
3965800720 4294974301000001 0
4065800973 4294974401000001 0
4165800746 4294974501000001 0
4265800706 4294974601000001 0
4365800693 4294974701000001 0
4465801000 4294974801000001 0
4565800933 4294974901000001 0
4665800973 4294975001000001 0
4765800946 4294975101000001 0
4865800906 4294975201000001 0
4965800693 4294975301000001 0
5065800746 4294975401000001 0
