Detector: detector priority is 6
Detector: detector period is 40
Detector is finished, processed all frames.
Dumping output [ timeBefore timeAfter heapFreeBefore heapFreeAfter detectedCollisions ] for 50 recorded detector runs, in ns
106983640 111595066 0 813952 797696 1 4
147756573 164597093 0 797600 742592 1 4
187758080 213753840 0 742496 676000 2 24
227751693 245957613 0 675904 610496 0 0
268202480 296039413 0 610400 538176 3 24
308204213 336350053 0 538080 467552 2 28
348220813 364129893 0 467456 410688 0 0
388238053 405438640 0 410592 355008 1 6
428236253 444949346 0 354912 295264 0 0
468230573 485378453 0 295168 232640 0 0
514689266 533048026 0 814240 748832 0 0
548214000 566494573 0 748736 683328 0 0
588224333 604962466 0 683232 623584 0 0
628241946 642388746 0 623488 574816 1 2
668239373 683369613 0 574720 520832 0 0
708230280 735100986 0 520736 451360 2 24
748212573 783192826 0 451264 373856 3 42
788207453 804730466 0 373760 314112 0 0
828216040 851028960 0 314016 249824 2 16
880406386 897496080 0 814240 758656 1 6
908240640 925342613 0 758560 702048 0 4
948240333 965444573 0 701952 639424 0 0
988215306 1005830280 0 639328 576800 0 0
1028220453 1045341933 0 576704 514176 0 0
1068224200 1085861040 0 514080 451552 0 0
1108242813 1125169533 0 451456 394944 0 4
1148240826 1165754346 0 394848 339264 1 6
1188233173 1210937746 0 339168 274976 2 16
1228239066 1245714400 0 274880 212352 0 0
1275045173 1306610466 0 814240 741440 3 36
1308217600 1334883440 0 741344 671968 2 24
1348223333 1364152360 0 671872 615104 0 0
1388257266 1402362840 0 615008 566336 1 2
1428247973 1444007893 0 566240 509472 0 0
1468241893 1485451840 0 509376 446848 0 0
1508210800 1527250040 0 446752 378464 0 0
1548215773 1565693093 0 378368 315840 0 0
1588218373 1604059693 0 315744 258976 0 0
1633438080 1650920546 0 814240 758656 1 6
1668243213 1684149333 0 758560 701792 0 0
1708242573 1736758186 0 701696 631168 2 28
1748213893 1775916000 0 631072 558848 3 24
1788207693 1806279173 0 558752 493344 0 0
1828213533 1855269480 0 493248 423872 2 24
1868277826 1884585906 0 423776 368768 1 4
1908246733 1925730666 0 368672 313088 1 6
1948244226 1964640946 0 312992 253344 0 0
1993993040 2012371106 0 814240 748832 0 0
2028223786 2046184106 0 748736 683328 0 0
2068224226 2085809160 0 683232 620704 0 0
Generated frames: 50
Received (and measured) frames: 50
Frame not ready event count (in detector): 0
Frames dropped due to full buffer in detector: 0
Frames processed by detector: 50
Detector stop indicator set: true
Reported missed detector periods (reported by waitForNextPeriod): 0
Detector first release was scheduled for: 4294970481000001
106830746 4294970481000001 0
146830800 4294970521000001 0
186830720 4294970561000001 0
226830773 4294970601000001 0
266830866 4294970641000001 0
306830800 4294970681000001 0
346830746 4294970721000001 0
386830853 4294970761000001 0
426830800 4294970801000001 0
466830760 4294970841000001 0
513312680 4294970881000001 0
546830720 4294970921000001 0
586830840 4294970961000001 0
626830800 4294971001000001 0
666830866 4294971041000001 0
706830893 4294971081000001 0
746830813 4294971121000001 0
786830853 4294971161000001 0
826830746 4294971201000001 0
878982613 4294971241000001 0
906830813 4294971281000001 0
946830826 4294971321000001 0
986830733 4294971361000001 0
1026830840 4294971401000001 0
1066830933 4294971441000001 0
1106830853 4294971481000001 0
1146830760 4294971521000001 0
1186830853 4294971561000001 0
1226830786 4294971601000001 0
1273667986 4294971641000001 0
1306830746 4294971681000001 0
1346830760 4294971721000001 0
1386830840 4294971761000001 0
1426830840 4294971801000001 0
1466830773 4294971841000001 0
1506830853 4294971881000001 0
1546830853 4294971921000001 0
1586830786 4294971961000001 0
1632013040 4294972001000001 0
1666830786 4294972041000001 0
1706830840 4294972081000001 0
1746830853 4294972121000001 0
1786830800 4294972161000001 0
1826830800 4294972201000001 0
1866830813 4294972241000001 0
1906830773 4294972281000001 0
1946830733 4294972321000001 0
1992584680 4294972361000001 0
2026830773 4294972401000001 0
2066830800 4294972441000001 0
