Detector: detector priority is 6
Detector: detector period is 40
Detector is finished, processed all frames.
Dumping output [ timeBefore timeAfter heapFreeBefore heapFreeAfter detectedCollisions ] for 50 recorded detector runs, in ns
300925266 305538013 0 813952 797696 1 4
341698600 358541706 0 797600 742592 1 4
381699720 407700093 0 742496 676000 2 24
421693146 439904746 0 675904 610496 0 0
462145586 489984640 0 610400 538176 3 24
502145826 530291373 0 538080 467552 2 28
542162413 558071826 0 467456 410688 0 0
582181066 599399093 0 410592 355008 1 6
622177533 638892400 0 354912 295264 0 0
662172306 679333000 0 295168 232640 0 0
708663613 727030866 0 814240 748832 0 0
742156813 760455413 0 748736 683328 0 0
782165706 798914040 0 683232 623584 0 0
822183480 836330480 0 623488 574816 1 2
862181053 877311733 0 574720 520832 0 0
902171786 929042653 0 520736 451360 2 24
942154173 977135013 0 451264 373856 3 42
982148840 998671706 0 373760 314112 0 0
1022157640 1044969440 0 314016 249824 2 16
1074347226 1091436680 0 814240 758656 1 6
1102181786 1119284173 0 758560 702048 0 4
1142181986 1159386440 0 701952 639424 0 0
1182156906 1199772653 0 639328 576800 0 0
1222162040 1239282746 0 576704 514176 0 0
1262165880 1279802146 0 514080 451552 0 0
1302184253 1319111573 0 451456 394944 0 4
1342182493 1359695986 0 394848 339264 1 6
1382174720 1404880066 0 339168 274976 2 16
1422180586 1439655800 0 274880 212352 0 0
1468986906 1500552333 0 814240 741440 3 36
1502159213 1528826026 0 741344 671968 2 24
1542164800 1558093933 0 671872 615104 0 0
1582198800 1596305213 0 615008 566336 1 2
1622190040 1637949653 0 566240 509472 0 0
1662183520 1679394933 0 509376 446848 0 0
1702152453 1721191693 0 446752 378464 0 0
1742157533 1759635080 0 378368 315840 0 0
1782159880 1798001520 0 315744 258976 0 0
1827380546 1844861013 0 814240 758656 1 6
1862184746 1878091213 0 758560 701792 0 0
1902184026 1930700906 0 701696 631168 2 28
1942155186 1969857400 0 631072 558848 3 24
1982149373 2000221613 0 558752 493344 0 0
2022154880 2049211826 0 493248 423872 2 24
2062218853 2078535466 0 423776 368768 1 4
2102189626 2119691226 0 368672 313088 1 6
2142187506 2158585426 0 312992 253344 0 0
2187947546 2206325573 0 814240 748832 0 0
2222165560 2240125626 0 748736 683328 0 0
2262165746 2279750453 0 683232 620704 0 0
Generated frames: 50
Received (and measured) frames: 50
Frame not ready event count (in detector): 0
Frames dropped due to full buffer in detector: 0
Frames processed by detector: 50
Detector stop indicator set: true
Reported missed detector periods (reported by waitForNextPeriod): 0
Detector first release was scheduled for: 4294970841000001
300772213 4294970841000001 0
340772346 4294970881000001 0
380772306 4294970921000001 0
420772346 4294970961000001 0
460772386 4294971001000001 0
500772413 4294971041000001 0
540772386 4294971081000001 0
580772226 4294971121000001 0
620772253 4294971161000001 0
660772293 4294971201000001 0
707286933 4294971241000001 0
740772200 4294971281000001 0
780772373 4294971321000001 0
820772280 4294971361000001 0
860772333 4294971401000001 0
900772266 4294971441000001 0
940772320 4294971481000001 0
980772373 4294971521000001 0
1020772360 4294971561000001 0
1072923400 4294971601000001 0
1100772253 4294971641000001 0
1140772346 4294971681000001 0
1180772213 4294971721000001 0
1220772306 4294971761000001 0
1260772413 4294971801000001 0
1300772346 4294971841000001 0
1340772320 4294971881000001 0
1380772346 4294971921000001 0
1420772266 4294971961000001 0
1467609626 4294972001000001 0
1500772306 4294972041000001 0
1540772333 4294972081000001 0
1580772346 4294972121000001 0
1620772360 4294972161000001 0
1660772360 4294972201000001 0
1700772293 4294972241000001 0
1740772306 4294972281000001 0
1780772293 4294972321000001 0
1825955360 4294972361000001 0
1860772266 4294972401000001 0
1900772373 4294972441000001 0
1940772386 4294972481000001 0
1980772240 4294972521000001 0
2020772320 4294972561000001 0
2060772306 4294972601000001 0
2100772293 4294972641000001 0
2140772266 4294972681000001 0
2186539186 4294972721000001 0
2220772293 4294972761000001 0
2260772253 4294972801000001 0
