Detector: detector priority is 6
Detector: detector period is 40
Detector is finished, processed all frames.
Dumping output [ timeBefore timeAfter heapFreeBefore heapFreeAfter detectedCollisions ] for 50 recorded detector runs, in ns
108394360 113007240 0 813952 797696 1 4
149166560 166007906 0 797600 742592 1 4
189168706 215169693 0 742496 676000 2 24
229162186 247368400 0 675904 610496 0 0
269614280 297453026 0 610400 538176 3 24
309614493 337759480 0 538080 467552 2 28
349631480 365524693 0 467456 410688 0 0
389649773 406867600 0 410592 355008 1 6
429647066 446362160 0 354912 295264 0 0
469639720 486786560 0 295168 232640 0 0
516103386 534452706 0 814240 748832 0 0
549624560 567921306 0 748736 683328 0 0
589634680 606382480 0 683232 623584 0 0
629652293 643799640 0 623488 574816 1 2
669649866 684780160 0 574720 520832 0 0
709640826 736512226 0 520736 451360 2 24
749622920 784601013 0 451264 373856 3 42
789617920 806141266 0 373760 314112 0 0
829626693 852438920 0 314016 249824 2 16
881816266 898906000 0 814240 758656 1 6
909651146 926753040 0 758560 702048 0 4
949651013 966855533 0 701952 639424 0 0
989625960 1007241813 0 639328 576800 0 0
1029631133 1046753320 0 576704 514176 0 0
1069634773 1087270653 0 514080 451552 0 0
1109653320 1126580840 0 451456 394944 0 4
1149651453 1167163960 0 394848 339264 1 6
1189643906 1212348160 0 339168 274976 2 16
1229649520 1247124906 0 274880 212352 0 0
1276455453 1308020533 0 814240 741440 3 36
1309628026 1336293880 0 741344 671968 2 24
1349633786 1365562946 0 671872 615104 0 0
1389667773 1403772506 0 615008 566336 1 2
1429658920 1445417906 0 566240 509472 0 0
1469652293 1486863666 0 509376 446848 0 0
1509621600 1528660973 0 446752 378464 0 0
1549626480 1567103266 0 378368 315840 0 0
1589628973 1605470706 0 315744 258976 0 0
1634849666 1652331013 0 814240 758656 1 6
1669653826 1685559720 0 758560 701792 0 0
1709653386 1738168840 0 701696 631168 2 28
1749624333 1777326066 0 631072 558848 3 24
1789618160 1807689586 0 558752 493344 0 0
1829624173 1856677880 0 493248 423872 2 24
1869686626 1885987360 0 423776 368768 1 4
1909657280 1927141213 0 368672 313088 1 6
1949655240 1966044213 0 312992 253344 0 0
1995406653 2013784560 0 814240 748832 0 0
2029634746 2047594306 0 748736 683328 0 0
2069634693 2087220186 0 683232 620704 0 0
Generated frames: 50
Received (and measured) frames: 50
Frame not ready event count (in detector): 0
Frames dropped due to full buffer in detector: 0
Frames processed by detector: 50
Detector stop indicator set: true
Reported missed detector periods (reported by waitForNextPeriod): 0
Detector first release was scheduled for: 4294970481000001
108241280 4294970481000001 0
148241386 4294970521000001 0
188241320 4294970561000001 0
228241440 4294970601000001 0
268241413 4294970641000001 0
308241386 4294970681000001 0
348241306 4294970721000001 0
388241360 4294970761000001 0
428241466 4294970801000001 0
468241306 4294970841000001 0
514728066 4294970881000001 0
548241280 4294970921000001 0
588241386 4294970961000001 0
628241320 4294971001000001 0
668241413 4294971041000001 0
708241413 4294971081000001 0
748241266 4294971121000001 0
788241413 4294971161000001 0
828241386 4294971201000001 0
880392426 4294971241000001 0
908241320 4294971281000001 0
948241306 4294971321000001 0
988241386 4294971361000001 0
1028241360 4294971401000001 0
1068241360 4294971441000001 0
1108241373 4294971481000001 0
1148241280 4294971521000001 0
1188241293 4294971561000001 0
1228241386 4294971601000001 0
1275078160 4294971641000001 0
1308241333 4294971681000001 0
1348241413 4294971721000001 0
1388241373 4294971761000001 0
1428241266 4294971801000001 0
1468241440 4294971841000001 0
1508241426 4294971881000001 0
1548241266 4294971921000001 0
1588241360 4294971961000001 0
1633424280 4294972001000001 0
1668241333 4294972041000001 0
1708241360 4294972081000001 0
1748241346 4294972121000001 0
1788241280 4294972161000001 0
1828241426 4294972201000001 0
1868241373 4294972241000001 0
1908241320 4294972281000001 0
1948241413 4294972321000001 0
1993998320 4294972361000001 0
2028241293 4294972401000001 0
2068241253 4294972441000001 0
