Detector: detector priority is 6
Detector: detector period is 40
Detector is finished, processed all frames.
Dumping output [ timeBefore timeAfter heapFreeBefore heapFreeAfter detectedCollisions ] for 50 recorded detector runs, in ns
109473693 114084146 0 813952 797696 1 4
150246773 167085453 0 797600 742592 1 4
190247906 216242280 0 742496 676000 2 24
230240493 248447813 0 675904 610496 0 0
270693840 298532533 0 610400 538176 3 24
310694080 338836653 0 538080 467552 2 28
350709173 366602333 0 467456 410688 0 0
390729493 407944346 0 410592 355008 1 6
430726173 447431413 0 354912 295264 0 0
470720626 487880186 0 295168 232640 0 0
517180693 535530000 0 814240 748832 0 0
550705640 568994426 0 748736 683328 0 0
590714226 607462320 0 683232 623584 0 0
630731773 644879093 0 623488 574816 1 2
670729346 685858373 0 574720 520832 0 0
710720040 737591440 0 520736 451360 2 24
750702466 785681346 0 451264 373856 3 42
790697266 807220360 0 373760 314112 0 0
830705986 853517653 0 314016 249824 2 16
882894386 899984746 0 814240 758656 1 6
910730213 927832533 0 758560 702048 0 4
950730000 967935320 0 701952 639424 0 0
990705573 1008320826 0 639328 576800 0 0
1030710466 1047831986 0 576704 514176 0 0
1070714253 1088350626 0 514080 451552 0 0
1110732746 1127660533 0 451456 394944 0 4
1150731133 1168243706 0 394848 339264 1 6
1190723053 1213428000 0 339168 274976 2 16
1230728973 1248204400 0 274880 212352 0 0
1277534880 1309099240 0 814240 741440 3 36
1310707586 1337373466 0 741344 671968 2 24
1350713200 1366642640 0 671872 615104 0 0
1390747200 1404851906 0 615008 566336 1 2
1430738173 1446497546 0 566240 509472 0 0
1470731573 1487942800 0 509376 446848 0 0
1510700853 1529740346 0 446752 378464 0 0
1550705893 1568183213 0 378368 315840 0 0
1590708120 1606549666 0 315744 258976 0 0
1635929066 1653410746 0 814240 758656 1 6
1670732706 1686639253 0 758560 701792 0 0
1710732520 1739249266 0 701696 631168 2 28
1750703666 1778406493 0 631072 558848 3 24
1790697880 1808769080 0 558752 493344 0 0
1830703373 1857740653 0 493248 423872 2 24
1870765920 1887066653 0 423776 368768 1 4
1910736573 1928235013 0 368672 313088 1 6
1950735826 1967133826 0 312992 253344 0 0
1996495840 2014873813 0 814240 748832 0 0
2030713960 2048674386 0 748736 683328 0 0
2070714133 2088299173 0 683232 620704 0 0
Generated frames: 50
Received (and measured) frames: 50
Frame not ready event count (in detector): 0
Frames dropped due to full buffer in detector: 0
Frames processed by detector: 50
Detector stop indicator set: true
Reported missed detector periods (reported by waitForNextPeriod): 0
Detector first release was scheduled for: 4294970481000001
109320626 4294970481000001 0
149320666 4294970521000001 0
189320586 4294970561000001 0
229320680 4294970601000001 0
269320640 4294970641000001 0
309320733 4294970681000001 0
349320613 4294970721000001 0
389320680 4294970761000001 0
429320680 4294970801000001 0
469320680 4294970841000001 0
515805373 4294970881000001 0
549320640 4294970921000001 0
589320653 4294970961000001 0
629320640 4294971001000001 0
669320600 4294971041000001 0
709320626 4294971081000001 0
749320746 4294971121000001 0
789320733 4294971161000001 0
829320600 4294971201000001 0
881470800 4294971241000001 0
909320533 4294971281000001 0
949320693 4294971321000001 0
989320693 4294971361000001 0
1029320786 4294971401000001 0
1069320693 4294971441000001 0
1109320653 4294971481000001 0
1149320733 4294971521000001 0
1189320653 4294971561000001 0
1229320693 4294971601000001 0
1276157906 4294971641000001 0
1309320640 4294971681000001 0
1349320666 4294971721000001 0
1389320666 4294971761000001 0
1429320600 4294971801000001 0
1469320600 4294971841000001 0
1509320640 4294971881000001 0
1549320586 4294971921000001 0
1589320600 4294971961000001 0
1634503693 4294972001000001 0
1669320586 4294972041000001 0
1709320560 4294972081000001 0
1749320706 4294972121000001 0
1789320706 4294972161000001 0
1829320693 4294972201000001 0
1869320666 4294972241000001 0
1909320613 4294972281000001 0
1949320693 4294972321000001 0
1995087506 4294972361000001 0
2029320626 4294972401000001 0
2069320626 4294972441000001 0
