Detector: detector priority is 6
Detector: detector period is 100
Detector is finished, processed all frames.
Dumping output [ timeBefore timeAfter timeDifference heapFreeBefore heapFreeAfter detectedCollisions suspectedCollisions ] for 50 recorded detector runs, in ns
165803573 170146906 4343333 814240 804448 1 4
266552146 281814480 15262334 804352 775776 1 4
366554920 390802146 24247226 775680 738688 2 24
466547373 482788866 16241493 738592 705760 0 0
566982733 592865466 25882733 705664 666016 3 24
666982880 693305573 26322693 665920 626432 2 28
766998720 781250173 14251453 626336 597536 0 0
867024533 882699893 15675360 597440 568288 1 6
967021840 981978920 14957080 568192 538048 0 0
1067016013 1082346040 15330027 537952 506464 0 0
1166986973 1183389786 16402813 506368 473536 0 0
1266993693 1283330653 16336960 473440 440608 0 0
1367002600 1381989213 14986613 440512 410368 0 0
1467027826 1479827693 12799867 410272 384960 1 2
1567025320 1580589893 13564573 384864 357408 0 0
1667016546 1692037186 25020640 357312 318976 2 24
1766991640 1800015200 33023560 318880 274048 3 42
1866985640 1881751506 14765866 273952 243808 0 0
1966995493 1988067693 21072200 814528 779840 2 16
2067038960 2082591706 15552746 779744 750592 1 6
2167025120 2182418680 15393560 750496 721952 0 4
2267026400 2282390573 15364173 721856 690368 0 0
2366993800 2382739853 15746053 690272 658784 0 0
2466998573 2482284920 15286347 658688 627200 0 0
2567003040 2582761720 15758680 627104 595616 0 0
2667020040 2682251213 15231173 595520 566976 0 4
2767025893 2782962120 15936227 566880 537728 1 6
2867016386 2887957426 20941040 537632 502944 2 16
2967023093 2982637826 15614733 502848 471360 0 0
3066986173 3096712346 29726173 471264 429504 3 36
3166995240 3191826120 24830880 429408 391072 2 24
3267001453 3281272893 14271440 390976 362176 0 0
3367041480 3379810240 12768760 362080 336768 1 2
3467033866 3481147200 14113334 336672 307872 0 0
3567026986 3582401760 15374774 307776 276288 0 0
3666991040 3683974613 16983573 276192 242016 0 0
3766994600 3782617586 15622986 814528 783040 0 0
3866997400 3881187373 14189973 782944 754144 0 0
3967041333 3982951226 15909893 754048 724896 1 6
4067029480 4081271506 14242026 724800 696000 0 0
4167028240 4193685773 26657533 695904 656416 2 28
4266993680 4292739253 25745573 656320 616672 3 24
4366987226 4383110640 16123414 616576 583744 0 0
4466993226 4492185493 25192267 583648 545312 2 24
4567061573 4581839893 14778320 545216 516640 1 4
4667033200 4682969813 15936613 516544 487392 1 6
4767030546 4781687306 14656760 487296 457152 0 0
4867025893 4883430800 16404907 457056 424224 0 0
4967003320 4983022960 16019640 424128 391296 0 0
5067003373 5082721893 15718520 391200 359712 0 0
Generated frames: 50
Received (and measured) frames: 50
Frame not ready event count (in detector): 0
Frames dropped due to full buffer in detector: 0
Frames processed by detector: 50
Detector stop indicator set: true
Reported missed detector periods (reported by waitForNextPeriod): 0
Detector first release was scheduled for: 4294970501000001
165650293 4294970501000001 0
265650386 4294970601000001 0
365650453 4294970701000001 0
465650346 4294970801000001 0
565650426 4294970901000001 0
665650440 4294971001000001 0
765650386 4294971101000001 0
865650306 4294971201000001 0
965650440 4294971301000001 0
1065650413 4294971401000001 0
1165650306 4294971501000001 0
1265650346 4294971601000001 0
1365650413 4294971701000001 0
1465650440 4294971801000001 0
1565650480 4294971901000001 0
1665650466 4294972001000001 0
1765650440 4294972101000001 0
1865650426 4294972201000001 0
1965650493 4294972301000001 0
2065650413 4294972401000001 0
2165650360 4294972501000001 0
2265650306 4294972601000001 0
2365650426 4294972701000001 0
2465650466 4294972801000001 0
2565650360 4294972901000001 0
2665650333 4294973001000001 0
2765650413 4294973101000001 0
2865650346 4294973201000001 0
2965650306 4294973301000001 0
3065650413 4294973401000001 0
3165650346 4294973501000001 0
3265650360 4294973601000001 0
3365650386 4294973701000001 0
3465650400 4294973801000001 0
3565650466 4294973901000001 0
3665650493 4294974001000001 0
3765650306 4294974101000001 0
3865650293 4294974201000001 0
3965650426 4294974301000001 0
4065650386 4294974401000001 0
4165650493 4294974501000001 0
4265650426 4294974601000001 0
4365650360 4294974701000001 0
4465650373 4294974801000001 0
4565650440 4294974901000001 0
4665650413 4294975001000001 0
4765650386 4294975101000001 0
4865650440 4294975201000001 0
4965650466 4294975301000001 0
5065650386 4294975401000001 0
