Detector: detector priority is 6
Detector: detector period is 100
Detector is finished, processed all frames.
Dumping output [ timeBefore timeAfter timeDifference heapFreeBefore heapFreeAfter detectedCollisions suspectedCollisions ] for 50 recorded detector runs, in ns
165373720 169716706 4342986 814240 804448 1 4
266122453 281385906 15263453 804352 775776 1 4
366124840 390370573 24245733 775680 738688 2 24
466118586 482371066 16252480 738592 705760 0 0
566552826 592436000 25883174 705664 666016 3 24
666552893 692874306 26321413 665920 626432 2 28
766569000 780819853 14250853 626336 597536 0 0
866594746 882269800 15675054 597440 568288 1 6
966591626 981548733 14957107 568192 538048 0 0
1066585933 1081915386 15329453 537952 506464 0 0
1166556920 1182961000 16404080 506368 473536 0 0
1266563653 1282899813 16336160 473440 440608 0 0
1366572933 1381559893 14986960 440512 410368 0 0
1466597706 1479398493 12800787 410272 384960 1 2
1566595346 1580160453 13565107 384864 357408 0 0
1666586493 1691606333 25019840 357312 318976 2 24
1766561973 1799586493 33024520 318880 274048 3 42
1866555693 1881321546 14765853 273952 243808 0 0
1966565386 1987638226 21072840 814528 779840 2 16
2066609400 2082162026 15552626 779744 750592 1 6
2166595680 2181988053 15392373 750496 721952 0 4
2266596453 2281959893 15363440 721856 690368 0 0
2366564146 2382310480 15746334 690272 658784 0 0
2466568613 2481855613 15287000 658688 627200 0 0
2566573213 2582331826 15758613 627104 595616 0 0
2666590346 2681821693 15231347 595520 566976 0 4
2766595880 2782533386 15937506 566880 537728 1 6
2866586560 2887524773 20938213 537632 502944 2 16
2966593546 2982207600 15614054 502848 471360 0 0
3066556240 3096281413 29725173 471264 429504 3 36
3166565933 3191396640 24830707 429408 391072 2 24
3266571746 3280842186 14270440 390976 362176 0 0
3366611640 3379380093 12768453 362080 336768 1 2
3466603733 3480717746 14114013 336672 307872 0 0
3566596960 3581972186 15375226 307776 276288 0 0
3666561186 3683544720 16983534 276192 242016 0 0
3766565080 3782187373 15622293 814528 783040 0 0
3866567560 3880756920 14189360 782944 754144 0 0
3966611640 3982521600 15909960 754048 724896 1 6
4066599880 4080841093 14241213 724800 696000 0 0
4166598320 4193256253 26657933 695904 656416 2 28
4266563480 4292309506 25746026 656320 616672 3 24
4366557360 4382681013 16123653 616576 583744 0 0
4466563426 4491754546 25191120 583648 545312 2 24
4566631746 4581410946 14779200 545216 516640 1 4
4666603093 4682539160 15936067 516544 487392 1 6
4766600480 4781256600 14656120 487296 457152 0 0
4866595773 4883000586 16404813 457056 424224 0 0
4966573373 4982592800 16019427 424128 391296 0 0
5066572920 5082290973 15718053 391200 359712 0 0
Generated frames: 50
Received (and measured) frames: 50
Frame not ready event count (in detector): 0
Frames dropped due to full buffer in detector: 0
Frames processed by detector: 50
Detector stop indicator set: true
Reported missed detector periods (reported by waitForNextPeriod): 0
Detector first release was scheduled for: 4294970501000001
165220453 4294970501000001 0
265220466 4294970601000001 0
365220453 4294970701000001 0
465220466 4294970801000001 0
565220546 4294970901000001 0
665220493 4294971001000001 0
765220560 4294971101000001 0
865220440 4294971201000001 0
965220573 4294971301000001 0
1065220493 4294971401000001 0
1165220493 4294971501000001 0
1265220440 4294971601000001 0
1365220453 4294971701000001 0
1465220466 4294971801000001 0
1565220560 4294971901000001 0
1665220560 4294972001000001 0
1765220466 4294972101000001 0
1865220480 4294972201000001 0
1965220493 4294972301000001 0
2065220493 4294972401000001 0
2165220493 4294972501000001 0
2265220440 4294972601000001 0
2365220506 4294972701000001 0
2465220413 4294972801000001 0
2565220533 4294972901000001 0
2665220573 4294973001000001 0
2765220613 4294973101000001 0
2865220520 4294973201000001 0
2965220506 4294973301000001 0
3065220520 4294973401000001 0
3165220560 4294973501000001 0
3265220533 4294973601000001 0
3365220533 4294973701000001 0
3465220426 4294973801000001 0
3565220573 4294973901000001 0
3665220520 4294974001000001 0
3765220426 4294974101000001 0
3865220520 4294974201000001 0
3965220506 4294974301000001 0
4065220600 4294974401000001 0
4165220520 4294974501000001 0
4265220466 4294974601000001 0
4365220466 4294974701000001 0
4465220533 4294974801000001 0
4565220506 4294974901000001 0
4665220440 4294975001000001 0
4765220440 4294975101000001 0
4865220493 4294975201000001 0
4965220480 4294975301000001 0
5065220453 4294975401000001 0
