Detector: detector priority is 6
Detector: detector period is 100
Detector is finished, processed all frames.
Dumping output [ timeBefore timeAfter timeDifference heapFreeBefore heapFreeAfter detectedCollisions suspectedCollisions ] for 50 recorded detector runs, in ns
357813653 362420253 4606600 814176 804384 1 4
458583746 475121853 16538107 804288 775712 1 4
558584946 584621333 26036387 775616 738624 2 24
658578493 676315080 17736587 738528 705696 0 0
759030906 786841293 27810387 705600 665952 3 24
859031213 887277880 28246667 665856 626368 2 28
959047546 974557240 15509694 626272 597472 0 0
1059066560 1076036106 16969546 597376 568224 1 6
1159063240 1175352933 16289693 568128 537984 0 0
1259057693 1275786653 16728960 537888 506400 0 0
1359034440 1376916026 17881586 506304 473472 0 0
1459042386 1476862146 17819760 473376 440544 0 0
1559050773 1575376253 16325480 440448 410304 0 0
1659068813 1672948760 13879947 410208 384896 1 2
1759066160 1773829586 14763426 384800 357344 0 0
1859057253 1885939066 26881813 357248 318912 2 24
1959039466 1994338186 35298720 318816 273984 3 42
2059034240 2075143520 16109280 273888 243744 0 0
2159043280 2181730480 22687200 814528 779840 2 16
2259081653 2275922306 16840653 779744 750592 1 6
2359067466 2375768600 16701134 750496 721952 0 4
2459067360 2475833840 16766480 721856 690368 0 0
2559042480 2576194800 17152320 690272 658784 0 0
2659047506 2675733306 16685800 658688 627200 0 0
2759051066 2776220506 17169440 627104 595616 0 0
2859069760 2875618946 16549186 595520 566976 0 4
2959068000 2976313840 17245840 566880 537728 1 6
3059060066 3081651560 22591494 537632 502944 2 16
3159065933 3176087640 17021707 502848 471360 0 0
3259034826 3290835680 31800854 471264 429504 3 36
3359044426 3385733373 26688947 429408 391072 2 24
3459050066 3474579706 15529640 390976 362176 0 0
3559084080 3572924080 13840000 362080 336768 1 2
3659075253 3674444706 15369453 336672 307872 0 0
3759068680 3775844733 16776053 307776 276288 0 0
3859037653 3877572653 18535000 276192 242016 0 0
3959042853 3976074386 17031533 814528 783040 0 0
4059045413 4074496000 15450587 782944 754144 0 0
4159083026 4176302693 17219667 754048 724896 1 6
4259070066 4274585026 15514960 724800 696000 0 0
4359069400 4387666160 28596760 695904 656416 2 28
4459040173 4486722080 27681907 656320 616672 3 24
4559034853 4576632773 17597920 616576 583744 0 0
4659040333 4686094253 27053920 583648 545312 2 24
4759104666 4775136240 16031574 545216 516640 1 4
4859075160 4876313626 17238466 516544 487392 1 6
4959072813 4975055200 15982387 487296 457152 0 0
5059066266 5076952440 17886174 457056 424224 0 0
5159051026 5176544013 17492987 424128 391296 0 0
5259051040 5276180400 17129360 391200 359712 0 0
Generated frames: 50
Received (and measured) frames: 50
Frame not ready event count (in detector): 0
Frames dropped due to full buffer in detector: 0
Frames processed by detector: 50
Detector stop indicator set: true
Reported missed detector periods (reported by waitForNextPeriod): 0
Detector first release was scheduled for: 4294970901000001
357656026 4294970901000001 0
457656000 4294971001000001 0
557655933 4294971101000001 0
657656026 4294971201000001 0
757655986 4294971301000001 0
857655986 4294971401000001 0
957655946 4294971501000001 0
1057656066 4294971601000001 0
1157656066 4294971701000001 0
1257655946 4294971801000001 0
1357656106 4294971901000001 0
1457656013 4294972001000001 0
1557656053 4294972101000001 0
1657656000 4294972201000001 0
1757656053 4294972301000001 0
1857656133 4294972401000001 0
1957656040 4294972501000001 0
2057656133 4294972601000001 0
2157656053 4294972701000001 0
2257656013 4294972801000001 0
2357656000 4294972901000001 0
2457656066 4294973001000001 0
2557656146 4294973101000001 0
2657656133 4294973201000001 0
2757656000 4294973301000001 0
2857656040 4294973401000001 0
2957656080 4294973501000001 0
3057656040 4294973601000001 0
3157656040 4294973701000001 0
3257656053 4294973801000001 0
3357656066 4294973901000001 0
3457656146 4294974001000001 0
3557656026 4294974101000001 0
3657656000 4294974201000001 0
3757656093 4294974301000001 0
3857656146 4294974401000001 0
3957655946 4294974501000001 0
4057656000 4294974601000001 0
4157655946 4294974701000001 0
4257656066 4294974801000001 0
4357656066 4294974901000001 0
4457655986 4294975001000001 0
4557656026 4294975101000001 0
4657656026 4294975201000001 0
4757656106 4294975301000001 0
4857656053 4294975401000001 0
4957656040 4294975501000001 0
5057656093 4294975601000001 0
5157656053 4294975701000001 0
5257656080 4294975801000001 0
