Detector: detector priority is 6
Detector: detector period is 100
Detector is finished, processed all frames.
Dumping output [ timeBefore timeAfter timeDifference heapFreeBefore heapFreeAfter detectedCollisions suspectedCollisions ] for 50 recorded detector runs, in ns
167358826 171965973 4607147 814176 804384 1 4
268129000 284666680 16537680 804288 775712 1 4
368129306 394138333 26009027 775616 738624 2 24
468122693 485840626 17717933 738528 705696 0 0
568576106 596375480 27799374 705600 665952 3 24
668576453 696821586 28245133 665856 626368 2 28
768592946 784102453 15509507 626272 597472 0 0
868611893 885581226 16969333 597376 568224 1 6
968608400 984898186 16289786 568128 537984 0 0
1068602973 1085331706 16728733 537888 506400 0 0
1168580026 1186461906 17881880 506304 473472 0 0
1268587413 1286405680 17818267 473376 440544 0 0
1368595986 1384920213 16324227 440448 410304 0 0
1468613760 1482492346 13878586 410208 384896 1 2
1568611640 1583373960 14762320 384800 357344 0 0
1668602280 1695482893 26880613 357248 318912 2 24
1768584533 1803882506 35297973 318816 273984 3 42
1868577866 1884670626 16092760 273888 243744 0 0
1968588346 1991275893 22687547 814528 779840 2 16
2068626920 2085468453 16841533 779744 750592 1 6
2168612760 2185314226 16701466 750496 721952 0 4
2268612346 2285379546 16767200 721856 690368 0 0
2368587680 2385739706 17152026 690272 658784 0 0
2468592746 2485278626 16685880 658688 627200 0 0
2568596666 2585766573 17169907 627104 595616 0 0
2668614773 2685164066 16549293 595520 566976 0 4
2768612933 2785859000 17246067 566880 537728 1 6
2868603906 2891172880 22568974 537632 502944 2 16
2968611346 2985632440 17021094 502848 471360 0 0
3068579960 3100381520 31801560 471264 429504 3 36
3168589733 3195278093 26688360 429408 391072 2 24
3268595560 3284124253 15528693 390976 362176 0 0
3368629333 3382470160 13840827 362080 336768 1 2
3468620733 3483989560 15368827 336672 307872 0 0
3568613866 3585389266 16775400 307776 276288 0 0
3668583080 3687117773 18534693 276192 242016 0 0
3768588173 3785619360 17031187 814528 783040 0 0
3868590413 3884041226 15450813 782944 754144 0 0
3968628186 3985848773 17220587 754048 724896 1 6
4068615253 4084130306 15515053 724800 696000 0 0
4168614800 4197210293 28595493 695904 656416 2 28
4268586000 4296266906 27680906 656320 616672 3 24
4368579973 4386178973 17599000 616576 583744 0 0
4468585560 4495639546 27053986 583648 545312 2 24
4568649920 4584683200 16033280 545216 516640 1 4
4668620746 4685860040 17239294 516544 487392 1 6
4768617680 4784599573 15981893 487296 457152 0 0
4868611106 4886497226 17886120 457056 424224 0 0
4968596173 4986089320 17493147 424128 391296 0 0
5068596280 5085725666 17129386 391200 359712 0 0
Generated frames: 50
Received (and measured) frames: 50
Frame not ready event count (in detector): 0
Frames dropped due to full buffer in detector: 0
Frames processed by detector: 50
Detector stop indicator set: true
Reported missed detector periods (reported by waitForNextPeriod): 0
Detector first release was scheduled for: 4294970501000001
167201186 4294970501000001 0
267201253 4294970601000001 0
367201320 4294970701000001 0
467201186 4294970801000001 0
567201320 4294970901000001 0
667201253 4294971001000001 0
767201266 4294971101000001 0
867201306 4294971201000001 0
967201306 4294971301000001 0
1067201306 4294971401000001 0
1167201306 4294971501000001 0
1267201360 4294971601000001 0
1367201320 4294971701000001 0
1467201293 4294971801000001 0
1567201333 4294971901000001 0
1667201280 4294972001000001 0
1767201360 4294972101000001 0
1867201266 4294972201000001 0
1967201400 4294972301000001 0
2067201333 4294972401000001 0
2167201266 4294972501000001 0
2267201320 4294972601000001 0
2367201386 4294972701000001 0
2467201333 4294972801000001 0
2567201386 4294972901000001 0
2667201253 4294973001000001 0
2767201320 4294973101000001 0
2867201346 4294973201000001 0
2967201346 4294973301000001 0
3067201306 4294973401000001 0
3167201253 4294973501000001 0
3267201280 4294973601000001 0
3367201386 4294973701000001 0
3467201306 4294973801000001 0
3567201333 4294973901000001 0
3667201360 4294974001000001 0
3767201320 4294974101000001 0
3867201333 4294974201000001 0
3967201306 4294974301000001 0
4067201346 4294974401000001 0
4167201200 4294974501000001 0
4267201440 4294974601000001 0
4367201253 4294974701000001 0
4467201360 4294974801000001 0
4567201306 4294974901000001 0
4667201400 4294975001000001 0
4767201280 4294975101000001 0
4867201333 4294975201000001 0
4967201360 4294975301000001 0
5067201186 4294975401000001 0
