Detector: detector priority is 6
Detector: detector period is 100
Detector is finished, processed all frames.
Dumping output [ timeBefore timeAfter timeDifference heapFreeBefore heapFreeAfter detectedCollisions suspectedCollisions ] for 50 recorded detector runs, in ns
174431333 178931253 4499920 814624 805152 1 4
275201880 291382040 16180160 805056 776800 1 4
375204000 400738906 25534906 776704 740032 2 24
475197480 492516840 17319360 739936 707424 0 0
575650493 602941666 27291173 707328 668000 3 24
675650360 703358986 27708626 667904 628736 2 28
775667146 790814173 15147027 628640 600160 0 0
875686066 892272906 16586840 600064 571232 1 6
975682480 991593760 15911280 571136 541312 0 0
1075676840 1091993146 16316306 541216 510048 0 0
1175653840 1193125786 17471946 509952 477440 0 0
1275662186 1293069466 17407280 477344 444832 0 0
1375670586 1391616720 15946134 444736 414912 0 0
1475688573 1489240013 13551440 414816 389824 1 2
1575685573 1590102360 14416787 389728 362592 0 0
1675676453 1702050066 26373613 362496 324480 2 24
1775657280 1810320053 34662773 324384 279872 3 42
1875653826 1891373373 15719547 279776 249952 0 0
1975662426 1997900453 22238027 249856 215488 2 16
2075700906 2092154733 16453827 814912 786080 1 6
2175686933 2192030306 16343373 785984 757760 0 4
2275686640 2292042426 16355786 757664 726496 0 0
2375661560 2392424293 16762733 726400 695232 0 0
2475666626 2491938146 16271520 695136 663968 0 0
2575670360 2592450573 16780213 663872 632704 0 0
2675688946 2691870226 16181280 632608 604384 0 4
2775685440 2792548706 16863266 604288 575456 1 6
2875679293 2897814586 22135293 575360 540992 2 16
2975685266 2992310506 16625240 540896 509728 0 0
3075654080 3106895066 31240986 509632 468192 3 36
3175663973 3201834733 26170760 468096 430080 2 24
3275669666 3290836106 15166440 429984 401504 0 0
3375703213 3389212040 13508827 401408 376416 1 2
3475694333 3490695253 15000920 376320 347840 0 0
3575688053 3592053426 16365373 347744 316576 0 0
3675657360 3693761306 18103946 316480 282624 0 0
3775662480 3792296946 16634466 282528 251360 0 0
3875665106 3890747853 15082747 251264 222784 0 0
3975702440 3992554386 16851946 222688 193856 1 6
4075689733 4090841533 15151800 814912 786432 0 0
4175688933 4203763440 28074507 786336 747168 2 28
4275660120 4302819146 27159026 747072 707744 3 24
4375654266 4392831973 17177707 707648 675136 0 0
4475659760 4502213840 26554080 675040 637024 2 24
4575723946 4591378240 15654294 636928 608672 1 4
4675694706 4692563520 16868814 608576 579744 1 6
4775692066 4791280186 15588120 579648 549824 0 0
4875685466 4893164053 17478587 549728 517216 0 0
4975669973 4992735160 17065187 517120 484608 0 0
5075670400 5092404773 16734373 484512 453344 0 0
Generated frames: 50
Received (and measured) frames: 50
Frame not ready event count (in detector): 0
Frames dropped due to full buffer in detector: 0
Frames processed by detector: 50
Detector stop indicator set: true
Reported missed detector periods (reported by waitForNextPeriod): 0
Detector first release was scheduled for: 4294970501000001
174275840 4294970501000001 0
274275906 4294970601000001 0
374275920 4294970701000001 0
474275986 4294970801000001 0
574275893 4294970901000001 0
674275826 4294971001000001 0
774275906 4294971101000001 0
874276000 4294971201000001 0
974275893 4294971301000001 0
1074275933 4294971401000001 0
1174275920 4294971501000001 0
1274275853 4294971601000001 0
1374275853 4294971701000001 0
1474275986 4294971801000001 0
1574275880 4294971901000001 0
1674275986 4294972001000001 0
1774275920 4294972101000001 0
1874275933 4294972201000001 0
1974275880 4294972301000001 0
2074276000 4294972401000001 0
2174275920 4294972501000001 0
2274275973 4294972601000001 0
2374275986 4294972701000001 0
2474275920 4294972801000001 0
2574276013 4294972901000001 0
2674275906 4294973001000001 0
2774275893 4294973101000001 0
2874276013 4294973201000001 0
2974275920 4294973301000001 0
3074275866 4294973401000001 0
3174275893 4294973501000001 0
3274275920 4294973601000001 0
3374275866 4294973701000001 0
3474275853 4294973801000001 0
3574275933 4294973901000001 0
3674276026 4294974001000001 0
3774275866 4294974101000001 0
3874275920 4294974201000001 0
3974276013 4294974301000001 0
4074275960 4294974401000001 0
4174275960 4294974501000001 0
4274275906 4294974601000001 0
4374276000 4294974701000001 0
4474275946 4294974801000001 0
4574275920 4294974901000001 0
4674276000 4294975001000001 0
4774275826 4294975101000001 0
4874275946 4294975201000001 0
4974275840 4294975301000001 0
5074275973 4294975401000001 0
