Detector: detector priority is 6
Detector: detector period is 100
Detector is finished, processed all frames.
Dumping output [ timeBefore timeAfter timeDifference heapFreeBefore heapFreeAfter detectedCollisions suspectedCollisions ] for 50 recorded detector runs, in ns
175831053 180331506 4500453 814624 805152 1 4
276602293 292783733 16181440 805056 776800 1 4
376603426 402124093 25520667 776704 740032 2 24
476597053 493916013 17318960 739936 707424 0 0
577050240 604343360 27293120 707328 668000 3 24
677050306 704758466 27708160 667904 628736 2 28
777066800 792213560 15146760 628640 600160 0 0
877085426 893672946 16587520 600064 571232 1 6
977081933 992993146 15911213 571136 541312 0 0
1077076560 1093393040 16316480 541216 510048 0 0
1177053546 1194525800 17472254 509952 477440 0 0
1277061440 1294468613 17407173 477344 444832 0 0
1377070266 1393016840 15946574 444736 414912 0 0
1477088013 1490639560 13551547 414816 389824 1 2
1577085360 1591502000 14416640 389728 362592 0 0
1677075986 1703450426 26374440 362496 324480 2 24
1777056800 1811724666 34667866 324384 279872 3 42
1877053106 1892773306 15720200 279776 249952 0 0
1977062253 1999299693 22237440 249856 215488 2 16
2077100440 2093554386 16453946 814912 786080 1 6
2177086426 2193429760 16343334 785984 757760 0 4
2277086186 2293441640 16355454 757664 726496 0 0
2377061200 2393824226 16763026 726400 695232 0 0
2477066400 2493338760 16272360 695136 663968 0 0
2577070440 2593850480 16780040 663872 632704 0 0
2677088760 2693269746 16180986 632608 604384 0 4
2777084973 2793948240 16863267 604288 575456 1 6
2877078906 2899213506 22134600 575360 540992 2 16
2977084693 2993710093 16625400 540896 509728 0 0
3077053906 3108295520 31241614 509632 468192 3 36
3177063600 3203235466 26171866 468096 430080 2 24
3277069360 3292236306 15166946 429984 401504 0 0
3377102826 3390611146 13508320 401408 376416 1 2
3477094133 3492095293 15001160 376320 347840 0 0
3577087280 3593452093 16364813 347744 316576 0 0
3677056893 3695159573 18102680 316480 282624 0 0
3777061786 3793696213 16634427 282528 251360 0 0
3877064640 3892147986 15083346 251264 222784 0 0
3977102106 3993953973 16851867 222688 193856 1 6
4077089160 4092240226 15151066 814912 786432 0 0
4177088546 4205162653 28074107 786336 747168 2 28
4277059826 4304219426 27159600 747072 707744 3 24
4377053546 4394231920 17178374 707648 675136 0 0
4477059333 4503613360 26554027 675040 637024 2 24
4577123773 4592778453 15654680 636928 608672 1 4
4677094173 4693963266 16869093 608576 579744 1 6
4777091813 4792680106 15588293 579648 549824 0 0
4877084906 4894563613 17478707 549728 517216 0 0
4977069800 4994135280 17065480 517120 484608 0 0
5077069960 5093804280 16734320 484512 453344 0 0
Generated frames: 50
Received (and measured) frames: 50
Frame not ready event count (in detector): 0
Frames dropped due to full buffer in detector: 0
Frames processed by detector: 50
Detector stop indicator set: true
Reported missed detector periods (reported by waitForNextPeriod): 0
Detector first release was scheduled for: 4294970501000001
175675506 4294970501000001 0
275675453 4294970601000001 0
375675586 4294970701000001 0
475675600 4294970801000001 0
575675573 4294970901000001 0
675675386 4294971001000001 0
775675493 4294971101000001 0
875675466 4294971201000001 0
975675426 4294971301000001 0
1075675573 4294971401000001 0
1175675426 4294971501000001 0
1275675506 4294971601000001 0
1375675506 4294971701000001 0
1475675400 4294971801000001 0
1575675480 4294971901000001 0
1675675386 4294972001000001 0
1775675440 4294972101000001 0
1875675560 4294972201000001 0
1975675600 4294972301000001 0
2075675480 4294972401000001 0
2175675480 4294972501000001 0
2275675493 4294972601000001 0
2375675506 4294972701000001 0
2475675560 4294972801000001 0
2575675506 4294972901000001 0
2675675586 4294973001000001 0
2775675426 4294973101000001 0
2875675520 4294973201000001 0
2975675453 4294973301000001 0
3075675520 4294973401000001 0
3175675426 4294973501000001 0
3275675426 4294973601000001 0
3375675533 4294973701000001 0
3475675440 4294973801000001 0
3575675413 4294973901000001 0
3675675546 4294974001000001 0
3775675546 4294974101000001 0
3875675533 4294974201000001 0
3975675466 4294974301000001 0
4075675440 4294974401000001 0
4175675453 4294974501000001 0
4275675453 4294974601000001 0
4375675520 4294974701000001 0
4475675466 4294974801000001 0
4575675506 4294974901000001 0
4675675480 4294975001000001 0
4775675440 4294975101000001 0
4875675400 4294975201000001 0
4975675493 4294975301000001 0
5075675520 4294975401000001 0
