Detector: detector priority is 6
Detector: detector period is 100
Detector is finished, processed all frames.
Dumping output [ timeBefore timeAfter timeDifference heapFreeBefore heapFreeAfter detectedCollisions suspectedCollisions ] for 50 recorded detector runs, in ns
168130240 172627906 4497666 814624 805152 1 4
268900666 285083493 16182827 805056 776800 1 4
368902893 394422146 25519253 776704 740032 2 24
468896373 486203293 17306920 739936 707424 0 0
569347653 596633293 27285640 707328 668000 3 24
669349426 697057826 27708400 667904 628736 2 28
769366133 784512826 15146693 628640 600160 0 0
869384666 885971613 16586947 600064 571232 1 6
969381080 985292440 15911360 571136 541312 0 0
1069375400 1085691800 16316400 541216 510048 0 0
1169352546 1186825120 17472574 509952 477440 0 0
1269360533 1286767626 17407093 477344 444832 0 0
1369369360 1385315186 15945826 444736 414912 0 0
1469387080 1482938026 13550946 414816 389824 1 2
1569384533 1583800906 14416373 389728 362592 0 0
1669375480 1695749053 26373573 362496 324480 2 24
1769357426 1804056226 34698800 324384 279872 3 42
1869352293 1885063053 15710760 279776 249952 0 0
1969361293 1991589426 22228133 249856 215488 2 16
2069399613 2085853253 16453640 814912 786080 1 6
2169385613 2185729146 16343533 785984 757760 0 4
2269385600 2285741266 16355666 757664 726496 0 0
2369360240 2386123240 16763000 726400 695232 0 0
2469365453 2485636600 16271147 695136 663968 0 0
2569369106 2586149586 16780480 663872 632704 0 0
2669387746 2685569693 16181947 632608 604384 0 4
2769385800 2786266200 16880400 604288 575456 1 6
2869377213 2891489813 22112600 575360 540992 2 16
2969383973 2986009453 16625480 540896 509728 0 0
3069352906 3100594293 31241387 509632 468192 3 36
3169362613 3195533960 26171347 468096 430080 2 24
3269368586 3284536893 15168307 429984 401504 0 0
3369402133 3382910773 13508640 401408 376416 1 2
3469392786 3484393840 15001054 376320 347840 0 0
3569386253 3585750280 16364027 347744 316576 0 0
3669356226 3687458146 18101920 316480 282624 0 0
3769360973 3785995093 16634120 282528 251360 0 0
3869363746 3884445906 15082160 251264 222784 0 0
3969401280 3986252213 16850933 222688 193856 1 6
4069388453 4084539160 15150707 814912 786432 0 0
4169388066 4197462146 28074080 786336 747168 2 28
4269358453 4296517560 27159107 747072 707744 3 24
4369353133 4386530893 17177760 707648 675136 0 0
4469358306 4495912946 26554640 675040 637024 2 24
4569422586 4585075986 15653400 636928 608672 1 4
4669393200 4686261386 16868186 608576 579744 1 6
4769390826 4784978853 15588027 579648 549824 0 0
4869384413 4886862600 17478187 549728 517216 0 0
4969369040 4986434000 17064960 517120 484608 0 0
5069369000 5086103053 16734053 484512 453344 0 0
Generated frames: 50
Received (and measured) frames: 50
Frame not ready event count (in detector): 0
Frames dropped due to full buffer in detector: 0
Frames processed by detector: 50
Detector stop indicator set: true
Reported missed detector periods (reported by waitForNextPeriod): 0
Detector first release was scheduled for: 4294970501000001
167974733 4294970501000001 0
267974693 4294970601000001 0
367974693 4294970701000001 0
467974680 4294970801000001 0
567974653 4294970901000001 0
667974680 4294971001000001 0
767974666 4294971101000001 0
867974706 4294971201000001 0
967974640 4294971301000001 0
1067974666 4294971401000001 0
1167974626 4294971501000001 0
1267974666 4294971601000001 0
1367974693 4294971701000001 0
1467974613 4294971801000001 0
1567974760 4294971901000001 0
1667974733 4294972001000001 0
1767974720 4294972101000001 0
1867974640 4294972201000001 0
1967974746 4294972301000001 0
2067974680 4294972401000001 0
2167974600 4294972501000001 0
2267974706 4294972601000001 0
2367974640 4294972701000001 0
2467974640 4294972801000001 0
2567974706 4294972901000001 0
2667974666 4294973001000001 0
2767974693 4294973101000001 0
2867974693 4294973201000001 0
2967974560 4294973301000001 0
3067974773 4294973401000001 0
3167974613 4294973501000001 0
3267974693 4294973601000001 0
3367974560 4294973701000001 0
3467974720 4294973801000001 0
3567974613 4294973901000001 0
3667974706 4294974001000001 0
3767974640 4294974101000001 0
3867974720 4294974201000001 0
3967974680 4294974301000001 0
4067974720 4294974401000001 0
4167974760 4294974501000001 0
4267974560 4294974601000001 0
4367974733 4294974701000001 0
4467974640 4294974801000001 0
4567974626 4294974901000001 0
4667974626 4294975001000001 0
4767974693 4294975101000001 0
4867974693 4294975201000001 0
4967974666 4294975301000001 0
5067974680 4294975401000001 0
