Detector: detector priority is 6
Detector: detector period is 100
Detector is finished, processed all frames.
Dumping output [ timeBefore timeAfter timeDifference heapFreeBefore heapFreeAfter detectedCollisions suspectedCollisions ] for 50 recorded detector runs, in ns
166807520 171413520 4606000 814176 804384 1 4
267577986 284112373 16534387 804288 775712 1 4
367579200 393610613 26031413 775616 738624 2 24
467572733 485308093 17735360 738528 705696 0 0
568023413 595809333 27785920 705600 665952 3 24
668025226 696271106 28245880 665856 626368 2 28
768041960 783551053 15509093 626272 597472 0 0
868060520 885028266 16967746 597376 568224 1 6
968057346 984346866 16289520 568128 537984 0 0
1068051786 1084780960 16729174 537888 506400 0 0
1168028640 1185911200 17882560 506304 473472 0 0
1268036520 1285855066 17818546 473376 440544 0 0
1368044960 1384369520 16324560 440448 410304 0 0
1468062880 1481942720 13879840 410208 384896 1 2
1568060280 1582823880 14763600 384800 357344 0 0
1668051133 1694932840 26881707 357248 318912 2 24
1768033546 1803332240 35298694 318816 273984 3 42
1868028320 1884136786 16108466 273888 243744 0 0
1968035773 1990719520 22683747 814528 779840 2 16
2068075866 2084916480 16840614 779744 750592 1 6
2168061906 2184763360 16701454 750496 721952 0 4
2268061533 2284827106 16765573 721856 690368 0 0
2368036493 2385188013 17151520 690272 658784 0 0
2468041906 2484726186 16684280 658688 627200 0 0
2568045453 2585214920 17169467 627104 595616 0 0
2668063840 2684612986 16549146 595520 566976 0 4
2768061840 2785306746 17244906 566880 537728 1 6
2868054360 2890641893 22587533 537632 502944 2 16
2968060280 2985080626 17020346 502848 471360 0 0
3068029026 3099830706 31801680 471264 429504 3 36
3168038600 3194726346 26687746 429408 391072 2 24
3268044626 3283573960 15529334 390976 362176 0 0
3368078386 3381919253 13840867 362080 336768 1 2
3468069280 3483438293 15369013 336672 307872 0 0
3568062946 3584837960 16775014 307776 276288 0 0
3668031760 3686565746 18533986 276192 242016 0 0
3768037160 3785068813 17031653 814528 783040 0 0
3868039706 3883490600 15450894 782944 754144 0 0
3968077293 3985297520 17220227 754048 724896 1 6
4068064226 4083579293 15515067 724800 696000 0 0
4168063693 4196659466 28595773 695904 656416 2 28
4268034813 4295715666 27680853 656320 616672 3 24
4368028693 4385627346 17598653 616576 583744 0 0
4468034440 4495088160 27053720 583648 545312 2 24
4568098706 4584131506 16032800 545216 516640 1 4
4668069466 4685308400 17238934 516544 487392 1 6
4768067013 4784049946 15982933 487296 457152 0 0
4868060240 4885946666 17886426 457056 424224 0 0
4968044920 4985538213 17493293 424128 391296 0 0
5068045360 5085174720 17129360 391200 359712 0 0
Generated frames: 50
Received (and measured) frames: 50
Frame not ready event count (in detector): 0
Frames dropped due to full buffer in detector: 0
Frames processed by detector: 50
Detector stop indicator set: true
Reported missed detector periods (reported by waitForNextPeriod): 0
Detector first release was scheduled for: 4294970501000001
166650066 4294970501000001 0
266650280 4294970601000001 0
366650213 4294970701000001 0
466650266 4294970801000001 0
566650133 4294970901000001 0
666650213 4294971001000001 0
766650253 4294971101000001 0
866650200 4294971201000001 0
966650306 4294971301000001 0
1066650200 4294971401000001 0
1166650213 4294971501000001 0
1266650346 4294971601000001 0
1366650280 4294971701000001 0
1466650200 4294971801000001 0
1566650266 4294971901000001 0
1666650120 4294972001000001 0
1766650186 4294972101000001 0
1866650133 4294972201000001 0
1966650200 4294972301000001 0
2066650253 4294972401000001 0
2166650280 4294972501000001 0
2266650280 4294972601000001 0
2366650186 4294972701000001 0
2466650240 4294972801000001 0
2566650186 4294972901000001 0
2666650200 4294973001000001 0
2766650226 4294973101000001 0
2866650173 4294973201000001 0
2966650280 4294973301000001 0
3066650226 4294973401000001 0
3166650226 4294973501000001 0
3266650173 4294973601000001 0
3366650226 4294973701000001 0
3466650186 4294973801000001 0
3566650200 4294973901000001 0
3666650266 4294974001000001 0
3766650333 4294974101000001 0
3866650240 4294974201000001 0
3966650266 4294974301000001 0
4066650173 4294974401000001 0
4166650333 4294974501000001 0
4266650173 4294974601000001 0
4366650226 4294974701000001 0
4466650133 4294974801000001 0
4566650240 4294974901000001 0
4666650200 4294975001000001 0
4766650200 4294975101000001 0
4866650306 4294975201000001 0
4966650200 4294975301000001 0
5066650213 4294975401000001 0
