Detector: detector priority is 6
Detector: detector period is 100
Detector is finished, processed all frames.
Dumping output [ timeBefore timeAfter timeDifference heapFreeBefore heapFreeAfter detectedCollisions suspectedCollisions ] for 50 recorded detector runs, in ns
174254080 178859280 4605200 814176 804384 1 4
275024440 291545973 16521533 804288 775712 1 4
375025800 401037440 26011640 775616 738624 2 24
475018173 492752520 17734347 738528 705696 0 0
575471293 603281013 27809720 705600 665952 3 24
675471626 703717226 28245600 665856 626368 2 28
775488520 790997440 15508920 626272 597472 0 0
875507280 892476720 16969440 597376 568224 1 6
975503760 991792813 16289053 568128 537984 0 0
1075498213 1092227280 16729067 537888 506400 0 0
1175475320 1193356626 17881306 506304 473472 0 0
1275482973 1293302106 17819133 473376 440544 0 0
1375491680 1391816266 16324586 440448 410304 0 0
1475509240 1489389013 13879773 410208 384896 1 2
1575506960 1590269453 14762493 384800 357344 0 0
1675497586 1702379573 26881987 357248 318912 2 24
1775480093 1810746093 35266000 318816 273984 3 42
1875473173 1891573480 16100307 273888 243744 0 0
1975483746 1998171493 22687747 814528 779840 2 16
2075522093 2092362346 16840253 779744 750592 1 6
2175508080 2192208146 16700066 750496 721952 0 4
2275507746 2292274360 16766614 721856 690368 0 0
2375482906 2392634826 17151920 690272 658784 0 0
2475488093 2492173933 16685840 658688 627200 0 0
2575491960 2592661920 17169960 627104 595616 0 0
2675510026 2692059453 16549427 595520 566976 0 4
2775506826 2792734746 17227920 566880 537728 1 6
2875500573 2898092613 22592040 537632 502944 2 16
2975506613 2992527453 17020840 502848 471360 0 0
3075475346 3107277133 31801787 471264 429504 3 36
3175485093 3202173626 26688533 429408 391072 2 24
3275490880 3291020306 15529426 390976 362176 0 0
3375524866 3389365733 13840867 362080 336768 1 2
3475515386 3490884480 15369094 336672 307872 0 0
3575509240 3592284920 16775680 307776 276288 0 0
3675478346 3694011786 18533440 276192 242016 0 0
3775483480 3792514253 17030773 814528 783040 0 0
3875485640 3890936573 15450933 782944 754144 0 0
3975523573 3992743373 17219800 754048 724896 1 6
4075510933 4091024493 15513560 724800 696000 0 0
4175510306 4204107093 28596787 695904 656416 2 28
4275481533 4303161893 27680360 656320 616672 3 24
4375475213 4393073626 17598413 616576 583744 0 0
4475480893 4502536000 27055107 583648 545312 2 24
4575544986 4591577666 16032680 545216 516640 1 4
4675515706 4692754106 17238400 516544 487392 1 6
4775513400 4791495160 15981760 487296 457152 0 0
4875506773 4893392280 17885507 457056 424224 0 0
4975491640 4992985240 17493600 424128 391296 0 0
5075491573 5092621626 17130053 391200 359712 0 0
Generated frames: 50
Received (and measured) frames: 50
Frame not ready event count (in detector): 0
Frames dropped due to full buffer in detector: 0
Frames processed by detector: 50
Detector stop indicator set: true
Reported missed detector periods (reported by waitForNextPeriod): 0
Detector first release was scheduled for: 4294970501000001
174096626 4294970501000001 0
274096600 4294970601000001 0
374096680 4294970701000001 0
474096666 4294970801000001 0
574096680 4294970901000001 0
674096613 4294971001000001 0
774096746 4294971101000001 0
874096666 4294971201000001 0
974096746 4294971301000001 0
1074096560 4294971401000001 0
1174096666 4294971501000001 0
1274096653 4294971601000001 0
1374096693 4294971701000001 0
1474096626 4294971801000001 0
1574096706 4294971901000001 0
1674096746 4294972001000001 0
1774096733 4294972101000001 0
1874096573 4294972201000001 0
1974096720 4294972301000001 0
2074096626 4294972401000001 0
2174096693 4294972501000001 0
2274096693 4294972601000001 0
2374096640 4294972701000001 0
2474096746 4294972801000001 0
2574096626 4294972901000001 0
2674096653 4294973001000001 0
2774096640 4294973101000001 0
2874096746 4294973201000001 0
2974096693 4294973301000001 0
3074096613 4294973401000001 0
3174096720 4294973501000001 0
3274096573 4294973601000001 0
3374096773 4294973701000001 0
3474096613 4294973801000001 0
3574096760 4294973901000001 0
3674096706 4294974001000001 0
3774096626 4294974101000001 0
3874096613 4294974201000001 0
3974096746 4294974301000001 0
4074096706 4294974401000001 0
4174096706 4294974501000001 0
4274096786 4294974601000001 0
4374096626 4294974701000001 0
4474096653 4294974801000001 0
4574096693 4294974901000001 0
4674096626 4294975001000001 0
4774096573 4294975101000001 0
4874096653 4294975201000001 0
4974096680 4294975301000001 0
5074096613 4294975401000001 0
