Detector: detector priority is 6
Detector: detector period is 100
Detector is finished, processed all frames.
Dumping output [ timeBefore timeAfter timeDifference heapFreeBefore heapFreeAfter detectedCollisions suspectedCollisions ] for 50 recorded detector runs, in ns
165577026 172983293 7406267 814624 805152 1 4
266351880 293120320 26768440 805056 776800 1 4
366353120 404954173 38601053 776704 740032 2 24
466346853 496334360 29987507 739936 707424 0 0
566798093 608330826 41532733 707328 668000 3 24
666798546 708416146 41617600 667904 628736 2 28
766814826 792872560 26057734 628640 600160 0 0
866833826 894131613 27297787 600064 571232 1 6
966830693 994244320 27413627 571136 541312 0 0
1066825160 1095237653 28412493 541216 510048 0 0
1166801866 1196961493 30159627 509952 477440 0 0
1266809986 1296908146 30098160 477344 444832 0 0
1366818573 1394271200 27452627 444736 414912 0 0
1466836613 1489661933 22825320 414816 389824 1 2
1566833680 1591578213 24744533 389728 362592 0 0
1666824426 1706853120 40028694 362496 324480 2 24
1766806893 1816909973 50103080 324384 279872 3 42
1866800013 1893994253 27194240 279776 249952 0 0
1966810346 2001588253 34777907 249856 215488 2 16
2066849146 2094013760 27164614 814912 786080 1 6
2166835106 2194345506 27510400 785984 757760 0 4
2266835093 2295286813 28451720 757664 726496 0 0
2366809800 2395667906 28858106 726400 695232 0 0
2466814893 2495183626 28368733 695136 663968 0 0
2566818733 2595698453 28879720 663872 632704 0 0
2666837200 2694194586 27357386 632608 604384 0 4
2766835186 2794430573 27595387 604288 575456 1 6
2866826120 2901473880 34647760 575360 540992 2 16
2966833560 2995559986 28726426 540896 509728 0 0
3066802280 3112467533 45665253 509632 468192 3 36
3166812120 3206633560 39821440 468096 430080 2 24
3266817800 3292896426 26078626 429984 401504 0 0
3366851853 3389629586 22777733 401408 376416 1 2
3466842826 3492755746 25912920 376320 347840 0 0
3566836600 3595297653 28461053 347744 316576 0 0
3666805080 3698186693 31381613 316480 282624 0 0
3766810426 3795544933 28734507 282528 251360 0 0
3866812546 3892812600 26000054 251264 222784 0 0
3966850306 3994416946 27566640 222688 193856 1 6
4066837346 4092907533 26070187 814912 786432 0 0
4166837080 4208822080 41985000 786336 747168 2 28
4266808320 4308210506 41402186 747072 707744 3 24
4366802133 4396669093 29866960 707648 675136 0 0
4466807840 4507012546 40204706 675040 637024 2 24
4566872120 4593107680 26235560 636928 608672 1 4
4666842573 4694419440 27576867 608576 579744 1 6
4766840146 4793934186 27094040 579648 549824 0 0
4866833733 4896999320 30165587 549728 517216 0 0
4966818800 4996573920 29755120 517120 484608 0 0
5066818760 5095654546 28835786 484512 453344 0 0
Generated frames: 50
Received (and measured) frames: 50
Frame not ready event count (in detector): 0
Frames dropped due to full buffer in detector: 0
Frames processed by detector: 50
Detector stop indicator set: true
Reported missed detector periods (reported by waitForNextPeriod): 0
Detector first release was scheduled for: 4294970501000001
165420880 4294970501000001 0
265420933 4294970601000001 0
365420986 4294970701000001 0
465421040 4294970801000001 0
565420946 4294970901000001 0
665421053 4294971001000001 0
765420960 4294971101000001 0
865420960 4294971201000001 0
965421000 4294971301000001 0
1065420946 4294971401000001 0
1165420960 4294971501000001 0
1265420986 4294971601000001 0
1365420973 4294971701000001 0
1465421000 4294971801000001 0
1565421093 4294971901000001 0
1665421000 4294972001000001 0
1765421000 4294972101000001 0
1865420906 4294972201000001 0
1965421013 4294972301000001 0
2065421066 4294972401000001 0
2165420946 4294972501000001 0
2265421013 4294972601000001 0
2365421066 4294972701000001 0
2465420893 4294972801000001 0
2565421013 4294972901000001 0
2665420960 4294973001000001 0
2765420933 4294973101000001 0
2865420973 4294973201000001 0
2965420986 4294973301000001 0
3065421040 4294973401000001 0
3165421053 4294973501000001 0
3265421040 4294973601000001 0
3365421106 4294973701000001 0
3465420946 4294973801000001 0
3565420946 4294973901000001 0
3665421000 4294974001000001 0
3765421066 4294974101000001 0
3865420920 4294974201000001 0
3965420893 4294974301000001 0
4065420933 4294974401000001 0
4165420933 4294974501000001 0
4265421000 4294974601000001 0
4365420960 4294974701000001 0
4465420906 4294974801000001 0
4565420946 4294974901000001 0
4665421013 4294975001000001 0
4765420893 4294975101000001 0
4865420933 4294975201000001 0
4965420973 4294975301000001 0
5065421013 4294975401000001 0
