Detector: detector priority is 6
Detector: detector period is 100
Detector is finished, processed all frames.
Dumping output [ timeBefore timeAfter timeDifference heapFreeBefore heapFreeAfter detectedCollisions suspectedCollisions ] for 50 recorded detector runs, in ns
175515320 180121853 4606533 814176 804384 1 4
276284680 292817986 16533306 804288 775712 1 4
376286853 402315346 26028493 775616 738624 2 24
476280453 494016480 17736027 738528 705696 0 0
576732706 604542120 27809414 705600 665952 3 24
676732853 704978680 28245827 665856 626368 2 28
776749320 792258080 15508760 626272 597472 0 0
876768240 893737546 16969306 597376 568224 1 6
976765013 993054653 16289640 568128 537984 0 0
1076759546 1093488400 16728854 537888 506400 0 0
1176736186 1194618146 17881960 506304 473472 0 0
1276744280 1294562853 17818573 473376 440544 0 0
1376753080 1393077173 16324093 440448 410304 0 0
1476770893 1490650213 13879320 410208 384896 1 2
1576767866 1591530720 14762854 384800 357344 0 0
1676758786 1703641200 26882414 357248 318912 2 24
1776739640 1812001786 35262146 318816 273984 3 42
1876736240 1892845853 16109613 273888 243744 0 0
1976744800 1999432560 22687760 814528 779840 2 16
2076783186 2093624120 16840934 779744 750592 1 6
2176769306 2193471000 16701694 750496 721952 0 4
2276769120 2293535746 16766626 721856 690368 0 0
2376743880 2393895800 17151920 690272 658784 0 0
2476749360 2493435013 16685653 658688 627200 0 0
2576752840 2593922373 17169533 627104 595616 0 0
2676771466 2693320226 16548760 595520 566976 0 4
2776767986 2793995906 17227920 566880 537728 1 6
2876761720 2899353413 22591693 537632 502944 2 16
2976767786 2993788866 17021080 502848 471360 0 0
3076736680 3108538293 31801613 471264 429504 3 36
3176746253 3203435106 26688853 429408 391072 2 24
3276752186 3292281533 15529347 390976 362176 0 0
3376785973 3390626333 13840360 362080 336768 1 2
3476777040 3492145626 15368586 336672 307872 0 0
3576770506 3593545293 16774787 307776 276288 0 0
3676739280 3695273026 18533746 276192 242016 0 0
3776744520 3793776200 17031680 814528 783040 0 0
3876747146 3892197946 15450800 782944 754144 0 0
3976784480 3994004613 17220133 754048 724896 1 6
4076771973 4092286533 15514560 724800 696000 0 0
4176771280 4205367293 28596013 695904 656416 2 28
4276742866 4304423586 27680720 656320 616672 3 24
4376736440 4394335080 17598640 616576 583744 0 0
4476742240 4503797453 27055213 583648 545312 2 24
4576806440 4592839066 16032626 545216 516640 1 4
4676776800 4694016133 17239333 516544 487392 1 6
4776774386 4792756666 15982280 487296 457152 0 0
4876767893 4894653560 17885667 457056 424224 0 0
4976752813 4994246186 17493373 424128 391296 0 0
5076753120 5093882866 17129746 391200 359712 0 0
Generated frames: 50
Received (and measured) frames: 50
Frame not ready event count (in detector): 0
Frames dropped due to full buffer in detector: 0
Frames processed by detector: 50
Detector stop indicator set: true
Reported missed detector periods (reported by waitForNextPeriod): 0
Detector first release was scheduled for: 4294970501000001
175357706 4294970501000001 0
275357813 4294970601000001 0
375357813 4294970701000001 0
475357813 4294970801000001 0
575357933 4294970901000001 0
675357826 4294971001000001 0
775357813 4294971101000001 0
875357746 4294971201000001 0
975357800 4294971301000001 0
1075357906 4294971401000001 0
1175357866 4294971501000001 0
1275357880 4294971601000001 0
1375357880 4294971701000001 0
1475358040 4294971801000001 0
1575357906 4294971901000001 0
1675357760 4294972001000001 0
1775357840 4294972101000001 0
1875357960 4294972201000001 0
1975357800 4294972301000001 0
2075357880 4294972401000001 0
2175357946 4294972501000001 0
2275357813 4294972601000001 0
2375357826 4294972701000001 0
2475358000 4294972801000001 0
2575357760 4294972901000001 0
2675357880 4294973001000001 0
2775357800 4294973101000001 0
2875357840 4294973201000001 0
2975357893 4294973301000001 0
3075357880 4294973401000001 0
3175357880 4294973501000001 0
3275357826 4294973601000001 0
3375357920 4294973701000001 0
3475357853 4294973801000001 0
3575357880 4294973901000001 0
3675357760 4294974001000001 0
3775357826 4294974101000001 0
3875357813 4294974201000001 0
3975357853 4294974301000001 0
4075357893 4294974401000001 0
4175357866 4294974501000001 0
4275357880 4294974601000001 0
4375357906 4294974701000001 0
4475357906 4294974801000001 0
4575357826 4294974901000001 0
4675357813 4294975001000001 0
4775357880 4294975101000001 0
4875357866 4294975201000001 0
4975357906 4294975301000001 0
5075357906 4294975401000001 0
