Detector: detector priority is 6
Detector: detector period is 100
Detector is finished, processed all frames.
Dumping output [ timeBefore timeAfter timeDifference heapFreeBefore heapFreeAfter detectedCollisions suspectedCollisions ] for 50 recorded detector runs, in ns
365043520 369544053 4500533 814624 805152 1 4
465815000 481999600 16184600 805056 776800 1 4
565816026 591358506 25542480 776704 740032 2 24
665809493 683129453 17319960 739936 707424 0 0
766262573 793554506 27291933 707328 668000 3 24
866262946 893972386 27709440 667904 628736 2 28
966279453 981427280 15147827 628640 600160 0 0
1066297946 1082885386 16587440 600064 571232 1 6
1166294453 1182206160 15911707 571136 541312 0 0
1266289053 1282605973 16316920 541216 510048 0 0
1366266160 1383739320 17473160 509952 477440 0 0
1466273826 1483681693 17407867 477344 444832 0 0
1566282693 1582228626 15945933 444736 414912 0 0
1666300693 1679852293 13551600 414816 389824 1 2
1766297866 1780714760 14416894 389728 362592 0 0
1866288453 1892662600 26374147 362496 324480 2 24
1966270786 2000969506 34698720 324384 279872 3 42
2066265626 2081985800 15720174 279776 249952 0 0
2166274560 2188512586 22238026 249856 215488 2 16
2266312813 2282766573 16453760 814912 786080 1 6
2366298880 2382643520 16344640 785984 757760 0 4
2466298613 2482653280 16354667 757664 726496 0 0
2566273466 2583036453 16762987 726400 695232 0 0
2666278746 2682550373 16271627 695136 663968 0 0
2766282800 2783063000 16780200 663872 632704 0 0
2866301106 2882482720 16181614 632608 604384 0 4
2966299146 2983179586 16880440 604288 575456 1 6
3066291320 3088426320 22135000 575360 540992 2 16
3166297253 3182923373 16626120 540896 509728 0 0
3266266200 3297507480 31241280 509632 468192 3 36
3366275880 3392447106 26171226 468096 430080 2 24
3466281706 3481448426 15166720 429984 401504 0 0
3566315213 3579823493 13508280 401408 376416 1 2
3666306493 3681307306 15000813 376320 347840 0 0
3766299800 3782664493 16364693 347744 316576 0 0
3866269053 3884371773 18102720 316480 282624 0 0
3966274520 3982909146 16634626 282528 251360 0 0
4066277186 4081359840 15082654 251264 222784 0 0
4166314546 4183166080 16851534 222688 193856 1 6
4266301733 4281453586 15151853 814912 786432 0 0
4366301000 4394375173 28074173 786336 747168 2 28
4466272106 4493431453 27159347 747072 707744 3 24
4566266120 4583444000 17177880 707648 675136 0 0
4666271640 4692827800 26556160 675040 637024 2 24
4766336053 4781990053 15654000 636928 608672 1 4
4866306720 4883175106 16868386 608576 579744 1 6
4966304146 4981892733 15588587 579648 549824 0 0
5066297613 5083776093 17478480 549728 517216 0 0
5166282426 5183347360 17064934 517120 484608 0 0
5266282506 5283016266 16733760 484512 453344 0 0
Generated frames: 50
Received (and measured) frames: 50
Frame not ready event count (in detector): 0
Frames dropped due to full buffer in detector: 0
Frames processed by detector: 50
Detector stop indicator set: true
Reported missed detector periods (reported by waitForNextPeriod): 0
Detector first release was scheduled for: 4294970901000001
364887973 4294970901000001 0
464887933 4294971001000001 0
564887933 4294971101000001 0
664887973 4294971201000001 0
764888040 4294971301000001 0
864887986 4294971401000001 0
964888026 4294971501000001 0
1064888013 4294971601000001 0
1164887960 4294971701000001 0
1264888040 4294971801000001 0
1364887920 4294971901000001 0
1464887933 4294972001000001 0
1564887880 4294972101000001 0
1664887973 4294972201000001 0
1764887933 4294972301000001 0
1864887933 4294972401000001 0
1964887840 4294972501000001 0
2064887920 4294972601000001 0
2164887973 4294972701000001 0
2264887906 4294972801000001 0
2364887946 4294972901000001 0
2464887840 4294973001000001 0
2564887933 4294973101000001 0
2664887920 4294973201000001 0
2764887973 4294973301000001 0
2864887906 4294973401000001 0
2964888026 4294973501000001 0
3064887933 4294973601000001 0
3164887946 4294973701000001 0
3264887906 4294973801000001 0
3364887986 4294973901000001 0
3464887893 4294974001000001 0
3564888053 4294974101000001 0
3664887840 4294974201000001 0
3764887906 4294974301000001 0
3864887946 4294974401000001 0
3964887893 4294974501000001 0
4064887920 4294974601000001 0
4164887933 4294974701000001 0
4264887920 4294974801000001 0
4364887840 4294974901000001 0
4464887893 4294975001000001 0
4564887853 4294975101000001 0
4664887906 4294975201000001 0
4764888026 4294975301000001 0
4864887946 4294975401000001 0
4964887986 4294975501000001 0
5064887986 4294975601000001 0
5164887853 4294975701000001 0
5264888026 4294975801000001 0
