Detector: detector priority is 6
Detector: detector period is 100
Detector is finished, processed all frames.
Dumping output [ timeBefore timeAfter timeDifference heapFreeBefore heapFreeAfter detectedCollisions suspectedCollisions ] for 50 recorded detector runs, in ns
165989133 173510306 7521173 814784 805600 1 4
266755346 293373253 26617907 805600 777760 1 4
366756400 405754013 38997613 777760 742784 2 24
466749720 496378933 29629213 742784 710432 0 0
567201866 609105946 41904080 710432 672800 3 24
667202373 709317800 42115427 672800 635584 2 28
767219306 793000546 25781240 635584 607264 0 0
867237360 894445866 27208506 607264 578976 1 6
967234213 994349160 27114947 578976 549312 0 0
1067228520 1095305280 28076760 549312 518304 0 0
1167205760 1197025853 29820093 518304 485952 0 0
1267213533 1296958386 29744853 485952 453600 0 0
1367222293 1394364933 27142640 453600 423936 0 0
1467240066 1489887506 22647440 423936 399232 1 2
1567237253 1591701733 24464480 399232 372256 0 0
1667227840 1707630906 40403066 372256 335936 2 24
1767210640 1818219226 51008586 335936 294272 3 42
1867203933 1894093666 26889733 294272 264608 0 0
1967214373 2002162360 34947987 264608 231424 2 16
2067252186 2094324000 27071814 814976 786688 1 6
2167238933 2194606106 27367173 786688 758752 0 4
2267238346 2295354733 28116387 758752 727744 0 0
2367213613 2395753000 28539387 727744 696736 0 0
2467218666 2495248413 28029747 696736 665728 0 0
2567222920 2595778173 28555253 665728 634720 0 0
2667240946 2694421720 27180774 634720 606784 0 4
2767238973 2794737600 27498627 606784 578496 1 6
2867229546 2902043280 34813734 578496 545312 2 16
2967237053 2995628880 28391827 545312 514304 0 0
3067205840 3113617466 46411626 514304 475328 3 36
3167215826 3207416493 40200667 475328 439008 2 24
3267221173 3293023480 25802307 439008 410688 0 0
3367255213 3389867453 22612240 410688 385984 1 2
3467246546 3492874653 25628107 385984 357664 0 0
3567239773 3595365960 28126187 357664 326656 0 0
3667208773 3698223680 31014907 326656 292960 0 0
3767214026 3795612186 28398160 292960 261952 0 0
3867216733 3892923533 25706800 261952 233632 0 0
3967254053 3994722013 27467960 814976 786688 1 6
4067241480 4093010733 25769253 786688 758368 0 0
4167240973 4209728226 42487253 758368 721152 2 28
4267211893 4308982546 41770653 721152 683520 3 24
4367205986 4396719186 29513200 683520 651168 0 0
4467211533 4507811466 40599933 651168 614848 2 24
4567275453 4593359986 26084533 614848 587008 1 4
4667246386 4694745733 27499347 587008 558720 1 6
4767244066 4794025813 26781747 558720 529056 0 0
4867237520 4897064506 29826986 529056 496704 0 0
4967222333 4996619160 29396827 496704 464352 0 0
5067222453 5095727053 28504600 464352 433344 0 0
Generated frames: 50
Received (and measured) frames: 50
Frame not ready event count (in detector): 0
Frames dropped due to full buffer in detector: 0
Frames processed by detector: 50
Detector stop indicator set: true
Reported missed detector periods (reported by waitForNextPeriod): 0
Detector first release was scheduled for: 3201000001
165815546 3201000001 0
265815280 3301000001 0
365815546 3401000001 0
465815320 3501000001 0
565815306 3601000001 0
665815560 3701000001 0
765815480 3801000001 0
865815333 3901000001 0
965815480 4001000001 0
1065815333 4101000001 0
1165815506 4201000001 0
1265815306 4301000001 0
1365815306 4401000001 0
1465815533 4501000001 0
1565815306 4601000001 0
1665815293 4701000001 0
1765815546 4801000001 0
1865815506 4901000001 0
1965815533 5001000001 0
2065815280 5101000001 0
2165815546 5201000001 0
2265815293 5301000001 0
2365815426 5401000001 0
2465815520 5501000001 0
2565815613 5601000001 0
2665815320 5701000001 0
2765815533 5801000001 0
2865815253 5901000001 0
2965815333 6001000001 0
3065815333 6101000001 0
3165815626 6201000001 0
3265815293 6301000001 0
3365815333 6401000001 0
3465815653 6501000001 0
3565815613 6601000001 0
3665815320 6701000001 0
3765815506 6801000001 0
3865815586 6901000001 0
3965815346 7001000001 0
4065815520 7101000001 0
4165815546 7201000001 0
4265815466 7301000001 0
4365815546 7401000001 0
4465815386 7501000001 0
4565815280 7601000001 0
4665815506 7701000001 0
4765815600 7801000001 0
4865815653 7901000001 0
4965815466 8001000001 0
5065815626 8101000001 0
