Detector: detector priority is 6
Detector: detector period is 100
Detector is finished, processed all frames.
Dumping output [ timeBefore timeAfter timeDifference heapFreeBefore heapFreeAfter detectedCollisions suspectedCollisions ] for 50 recorded detector runs, in ns
165364720 169882666 4517946 814464 804960 1 4
266107320 281641800 15534480 804960 776800 1 4
366108800 390864573 24755773 776800 741504 2 24
466102453 482564080 16461627 741504 708832 0 0
566537680 592960266 26422586 708832 670880 3 24
666537813 693423266 26885453 670880 633344 2 28
766553946 780998093 14444147 633344 604704 0 0
866579666 882504760 15925094 604704 576096 1 6
966576453 981732266 15155813 576096 546112 0 0
1066570813 1082078360 15507547 546112 514784 0 0
1166541360 1183163080 16621720 514784 482112 0 0
1266548280 1283101426 16553146 482112 449440 0 0
1366557786 1381746026 15188240 449440 419456 0 0
1466582626 1479565573 12982947 419456 394432 1 2
1566580266 1580340520 13760254 394432 367136 0 0
1666571360 1692120040 25548680 367136 330496 2 24
1766546426 1800357800 33811374 330496 288512 3 42
1866540520 1881495773 14955253 288512 258528 0 0
1966550506 1988043200 21492694 258528 225024 2 16
2066594173 2082400853 15806680 225024 196416 1 6
2166580266 2182255173 15674907 814592 786336 0 4
2266581106 2282147693 15566587 786336 755008 0 0
2366548613 2382524053 15975440 755008 723680 0 0
2466553480 2482033560 15480080 723680 692352 0 0
2566558120 2582554973 15996853 692352 661024 0 0
2666575280 2682082400 15507120 661024 632768 0 4
2766580800 2782813973 16233173 632768 604160 1 6
2866571360 2887923746 21352386 604160 570656 2 16
2966577826 2982406346 15828520 570656 539328 0 0
3066540933 3096961186 30420253 539328 500032 3 36
3166550520 3191893293 25342773 500032 463392 2 24
3266556893 3281022053 14465160 463392 434752 0 0
3366596600 3379540386 12943786 434752 409728 1 2
3466588666 3480880586 14291920 409728 381088 0 0
3566581440 3582139853 15558413 381088 349760 0 0
3666545733 3683747013 17201280 349760 315744 0 0
3766549706 3782373360 15823654 315744 284416 0 0
3866552386 3880926226 14373840 284416 255776 0 0
3966596373 3982784013 16187640 255776 227168 1 6
4066584173 4081029253 14445080 814592 785952 0 0
4166583213 4193834200 27250987 785952 748416 2 28
4266547866 4292841400 26293534 748416 710464 3 24
4366542520 4382877560 16335040 710464 677792 0 0
4466548133 4492289640 25741507 677792 641152 2 24
4566616146 4581623480 15007334 641152 612992 1 4
4666588133 4682806480 16218347 612992 584384 1 6
4766585240 4781436640 14851400 584384 554400 0 0
4866580640 4883225960 16645320 554400 521728 0 0
4966557800 4982787973 16230173 521728 489056 0 0
5066558173 5082504080 15945907 489056 457728 0 0
Generated frames: 50
Received (and measured) frames: 50
Frame not ready event count (in detector): 0
Frames dropped due to full buffer in detector: 0
Frames processed by detector: 50
Detector stop indicator set: true
Reported missed detector periods (reported by waitForNextPeriod): 0
Detector first release was scheduled for: 3201000001
165212106 3201000001 0
265212106 3301000001 0
365212280 3401000001 0
465212253 3501000001 0
565212133 3601000001 0
665212280 3701000001 0
765212040 3801000001 0
865212266 3901000001 0
965212280 4001000001 0
1065212333 4101000001 0
1165212053 4201000001 0
1265212333 4301000001 0
1365212253 4401000001 0
1465212213 4501000001 0
1565212306 4601000001 0
1665212280 4701000001 0
1765212253 4801000001 0
1865212253 4901000001 0
1965212266 5001000001 0
2065212333 5101000001 0
2165212133 5201000001 0
2265212200 5301000001 0
2365212040 5401000001 0
2465212200 5501000001 0
2565212346 5601000001 0
2665212333 5701000001 0
2765212346 5801000001 0
2865212306 5901000001 0
2965212040 6001000001 0
3065212053 6101000001 0
3165212040 6201000001 0
3265212333 6301000001 0
3365212253 6401000001 0
3465212280 6501000001 0
3565212040 6601000001 0
3665212293 6701000001 0
3765212240 6801000001 0
3865212213 6901000001 0
3965212360 7001000001 0
4065212053 7101000001 0
4165212293 7201000001 0
4265212040 7301000001 0
4365212280 7401000001 0
4465212040 7501000001 0
4565212346 7601000001 0
4665212240 7701000001 0
4765212066 7801000001 0
4865212333 7901000001 0
4965212213 8001000001 0
5065212280 8101000001 0
