Detector: detector priority is 6
Detector: detector period is 100
Detector is finished, processed all frames.
Dumping output [ timeBefore timeAfter timeDifference heapFreeBefore heapFreeAfter detectedCollisions suspectedCollisions ] for 50 recorded detector runs, in ns
168464773 173082813 4618040 814336 804832 1 4
269233653 285786786 16553133 804832 776672 1 4
369233933 395070986 25837053 776672 741376 2 24
469227453 486963160 17735707 741376 708704 0 0
569680133 597321546 27641413 708704 670752 3 24
669680426 697702333 28021907 670752 633216 2 28
769696813 785234053 15537240 633216 604576 0 0
869715626 886647160 16931534 604576 575968 1 6
969713173 986030933 16317760 575968 545984 0 0
1069707560 1086430480 16722920 545984 514656 0 0
1169684080 1187596293 17912213 514656 481984 0 0
1269691946 1287537346 17845400 481984 449312 0 0
1369700293 1386052560 16352267 449312 419328 0 0
1469718173 1483598613 13880440 419328 394304 1 2
1569715853 1584503920 14788067 394304 367008 0 0
1669706600 1696417840 26711240 367008 330368 2 24
1769689080 1804685906 34996826 330368 288384 3 42
1869682013 1885784480 16102467 288384 258400 0 0
1969692493 1992285680 22593187 258400 224896 2 16
2069731173 2086525146 16793973 224896 196288 1 6
2169717066 2186442906 16725840 814592 786336 0 4
2269716346 2286479973 16763627 786336 755008 0 0
2369691586 2386881933 17190347 755008 723680 0 0
2469696946 2486374760 16677814 723680 692352 0 0
2569700533 2586908946 17208413 692352 661024 0 0
2669719293 2686272106 16552813 661024 632768 0 4
2769716746 2786953266 17236520 632768 604160 1 6
2869708040 2892171786 22463746 604160 570656 2 16
2969715146 2986763253 17048107 570656 539328 0 0
3069684400 3101224080 31539680 539328 500032 3 36
3169693960 3196192106 26498146 500032 463392 2 24
3269699573 3285257173 15557600 463392 434752 0 0
3369733840 3383565760 13831920 434752 409728 1 2
3469724920 3485109066 15384146 409728 381088 0 0
3569718280 3586490506 16772226 381088 349760 0 0
3669687386 3688239960 18552574 349760 315744 0 0
3769692560 3786747266 17054706 315744 284416 0 0
3869694973 3885163253 15468280 284416 255776 0 0
3969732386 3986936493 17204107 255776 227168 1 6
4069719760 4085257680 15537920 814592 785952 0 0
4169719413 4198123586 28404173 785952 748416 2 28
4269690200 4297207626 27517426 748416 710464 3 24
4369683906 4387290360 17606454 710464 677792 0 0
4469689933 4496590560 26900627 677792 641152 2 24
4569753893 4585755200 16001307 641152 612992 1 4
4669724533 4686948893 17224360 612992 584384 1 6
4769721786 4785701680 15979894 584384 554400 0 0
4869715520 4887635453 17919933 554400 521728 0 0
4969700013 4987188173 17488160 521728 489056 0 0
5069700386 5086860093 17159707 489056 457728 0 0
Generated frames: 50
Received (and measured) frames: 50
Frame not ready event count (in detector): 0
Frames dropped due to full buffer in detector: 0
Frames processed by detector: 50
Detector stop indicator set: true
Reported missed detector periods (reported by waitForNextPeriod): 0
Detector first release was scheduled for: 3201000001
168305480 3201000001 0
268305440 3301000001 0
368305360 3401000001 0
468305360 3501000001 0
568305293 3601000001 0
668305400 3701000001 0
768305106 3801000001 0
868305173 3901000001 0
968305413 4001000001 0
1068305386 4101000001 0
1168305200 4201000001 0
1268305360 4301000001 0
1368305306 4401000001 0
1468305386 4501000001 0
1568305280 4601000001 0
1668305333 4701000001 0
1768305373 4801000001 0
1868305146 4901000001 0
1968305373 5001000001 0
2068305386 5101000001 0
2168305266 5201000001 0
2268305146 5301000001 0
2368305386 5401000001 0
2468305360 5501000001 0
2568305160 5601000001 0
2668305426 5701000001 0
2768305106 5801000001 0
2868305360 5901000001 0
2968305200 6001000001 0
3068305266 6101000001 0
3168305360 6201000001 0
3268305106 6301000001 0
3368305173 6401000001 0
3468305373 6501000001 0
3568305306 6601000001 0
3668305280 6701000001 0
3768305360 6801000001 0
3868305333 6901000001 0
3968305333 7001000001 0
4068305333 7101000001 0
4168305306 7201000001 0
4268305280 7301000001 0
4368305106 7401000001 0
4468305453 7501000001 0
4568305173 7601000001 0
4668305320 7701000001 0
4768305173 7801000001 0
4868305306 7901000001 0
4968305146 8001000001 0
5068305106 8101000001 0
