Detector: detector priority is 6
Detector: detector period is 100
Detector is finished, processed all frames.
Dumping output [ timeBefore timeAfter timeDifference heapFreeBefore heapFreeAfter detectedCollisions suspectedCollisions ] for 50 recorded detector runs, in ns
175123653 179741533 4617880 814336 804832 1 4
275891560 292440440 16548880 804832 776672 1 4
375893853 401748186 25854333 776672 741376 2 24
475887573 493639413 17751840 741376 708704 0 0
576339280 603989880 27650600 708704 670752 3 24
676339586 704361000 28021414 670752 633216 2 28
776356013 791892346 15536333 633216 604576 0 0
876374906 893306413 16931507 604576 575968 1 6
976371800 992689533 16317733 575968 545984 0 0
1076366053 1093089693 16723640 545984 514656 0 0
1176343266 1194255626 17912360 514656 481984 0 0
1276351200 1294195493 17844293 481984 449312 0 0
1376360013 1392711920 16351907 449312 419328 0 0
1476377613 1490258373 13880760 419328 394304 1 2
1576374893 1591163626 14788733 394304 367008 0 0
1676365840 1703078186 26712346 367008 330368 2 24
1776346453 1811308226 34961773 330368 288384 3 42
1876342733 1892461186 16118453 288384 258400 0 0
1976351866 1998944213 22592347 258400 224896 2 16
2076389853 2093182560 16792707 224896 196288 1 6
2176375866 2193102213 16726347 814592 786336 0 4
2276375906 2293139626 16763720 786336 755008 0 0
2376350626 2393541680 17191054 755008 723680 0 0
2476355746 2493033213 16677467 723680 692352 0 0
2576359680 2593568666 17208986 692352 661024 0 0
2676377986 2692929746 16551760 661024 632768 0 4
2776374453 2793594413 17219960 632768 604160 1 6
2876368626 2898855693 22487067 604160 570656 2 16
2976374626 2993422000 17047374 570656 539328 0 0
3076343280 3107883173 31539893 539328 500032 3 36
3176352920 3202851453 26498533 500032 463392 2 24
3276358786 3291915706 15556920 463392 434752 0 0
3376392920 3390225440 13832520 434752 409728 1 2
3476384093 3491768080 15383987 409728 381088 0 0
3576377333 3593151120 16773787 381088 349760 0 0
3676346106 3694898880 18552774 349760 315744 0 0
3776351253 3793406880 17055627 315744 284416 0 0
3876354146 3891823333 15469187 284416 255776 0 0
3976391640 3993597240 17205600 255776 227168 1 6
4076378706 4091917066 15538360 814592 785952 0 0
4176378106 4204781866 28403760 785952 748416 2 28
4276349280 4303866813 27517533 748416 710464 3 24
4376343253 4393949746 17606493 710464 677792 0 0
4476348840 4503250080 26901240 677792 641152 2 24
4576413226 4592413840 16000614 641152 612992 1 4
4676383866 4693607266 17223400 612992 584384 1 6
4776381026 4792362000 15980974 584384 554400 0 0
4876374653 4894294960 17920307 554400 521728 0 0
4976359440 4993847573 17488133 521728 489056 0 0
5076359333 5093520333 17161000 489056 457728 0 0
Generated frames: 50
Received (and measured) frames: 50
Frame not ready event count (in detector): 0
Frames dropped due to full buffer in detector: 0
Frames processed by detector: 50
Detector stop indicator set: true
Reported missed detector periods (reported by waitForNextPeriod): 0
Detector first release was scheduled for: 3201000001
174964440 3201000001 0
274964133 3301000001 0
374964373 3401000001 0
474964360 3501000001 0
574964400 3601000001 0
674964373 3701000001 0
774964280 3801000001 0
874964346 3901000001 0
974964373 4001000001 0
1074964413 4101000001 0
1174964320 4201000001 0
1274964400 4301000001 0
1374964426 4401000001 0
1474964360 4501000001 0
1574964280 4601000001 0
1674964386 4701000001 0
1774964373 4801000001 0
1874964413 4901000001 0
1974964520 5001000001 0
2074964226 5101000001 0
2174964306 5201000001 0
2274964440 5301000001 0
2374964400 5401000001 0
2474964386 5501000001 0
2574964346 5601000001 0
2674964346 5701000001 0
2774964160 5801000001 0
2874964333 5901000001 0
2974964426 6001000001 0
3074964306 6101000001 0
3174964373 6201000001 0
3274964413 6301000001 0
3374964346 6401000001 0
3474964346 6501000001 0
3574964120 6601000001 0
3674964120 6701000001 0
3774964280 6801000001 0
3874964386 6901000001 0
3974964306 7001000001 0
4074964413 7101000001 0
4174964293 7201000001 0
4274964386 7301000001 0
4374964320 7401000001 0
4474964280 7501000001 0
4574964466 7601000001 0
4674964346 7701000001 0
4774964133 7801000001 0
4874964333 7901000001 0
4974964426 8001000001 0
5074964213 8101000001 0
