Detector: detector priority is 6
Detector: detector period is 100
Detector is finished, processed all frames.
Dumping output [ timeBefore timeAfter timeDifference heapFreeBefore heapFreeAfter detectedCollisions suspectedCollisions ] for 50 recorded detector runs, in ns
359927573 364397266 4469693 814784 805600 1 4
460701200 476763520 16062320 805600 777760 1 4
560702480 586045546 25343066 777760 742784 2 24
660695773 677895066 17199293 742784 710432 0 0
761146413 788220840 27074427 710432 672800 3 24
861146866 888639040 27492174 672800 635584 2 28
961163400 976200973 15037573 635584 607264 0 0
1061182973 1077651133 16468160 607264 578976 1 6
1161180120 1176977586 15797466 578976 549312 0 0
1261174466 1277385573 16211107 549312 518304 0 0
1361150720 1378499813 17349093 518304 485952 0 0
1461158520 1478446693 17288173 485952 453600 0 0
1561166906 1577001653 15834747 453600 423936 0 0
1661185280 1674643560 13458280 423936 399232 1 2
1761182520 1775500213 14317693 399232 372256 0 0
1861173200 1887341653 26168453 372256 335936 2 24
1961155466 1995565613 34410147 335936 294272 3 42
2061150306 2076763906 15613600 294272 264608 0 0
2161159066 2183223493 22064427 264608 231424 2 16
2261197786 2277536533 16338747 814976 786688 1 6
2361184026 2377417533 16233507 786688 758752 0 4
2461183640 2477433373 16249733 758752 727744 0 0
2561158320 2577797773 16639453 727744 696736 0 0
2661163546 2677329986 16166440 696736 665728 0 0
2761167400 2777828066 16660666 665728 634720 0 0
2861185880 2877269800 16083920 634720 606784 0 4
2961184266 2977937160 16752894 606784 578496 1 6
3061176693 3083146586 21969893 578496 545312 2 16
3161182640 3177692866 16510226 545312 514304 0 0
3261151280 3292135320 30984040 514304 475328 3 36
3361160666 3387129933 25969267 475328 439008 2 24
3461166466 3476224520 15058054 439008 410688 0 0
3561201186 3574615226 13414040 410688 385984 1 2
3661192546 3676088533 14895987 385984 357664 0 0
3761185520 3777444173 16258653 357664 326656 0 0
3861153693 3879131120 17977427 326656 292960 0 0
3961158760 3977678280 16519520 292960 261952 0 0
4061161600 4076144226 14982626 261952 233632 0 0
4161199453 4177927266 16727813 814976 786688 1 6
4261186453 4276234653 15048200 786688 758368 0 0
4361185946 4389034253 27848307 758368 721152 2 28
4461156680 4488101693 26945013 721152 683520 3 24
4561150840 4578213160 17062320 683520 651168 0 0
4661156520 4687495986 26339466 651168 614848 2 24
4761221093 4776768626 15547533 614848 587008 1 4
4861191386 4877930693 16739307 587008 558720 1 6
4961189253 4976676706 15487453 558720 529056 0 0
5061182786 5078534853 17352067 529056 496704 0 0
5161166773 5178121506 16954733 496704 464352 0 0
5261167066 5277785906 16618840 464352 433344 0 0
Generated frames: 50
Received (and measured) frames: 50
Frame not ready event count (in detector): 0
Frames dropped due to full buffer in detector: 0
Frames processed by detector: 50
Detector stop indicator set: true
Reported missed detector periods (reported by waitForNextPeriod): 0
Detector first release was scheduled for: 3601000001
359769306 3601000001 0
459769560 3701000001 0
559769506 3801000001 0
659769480 3901000001 0
759769373 4001000001 0
859769453 4101000001 0
959769493 4201000001 0
1059769453 4301000001 0
1159769506 4401000001 0
1259769440 4501000001 0
1359769533 4601000001 0
1459769426 4701000001 0
1559769346 4801000001 0
1659769533 4901000001 0
1759769306 5001000001 0
1859769306 5101000001 0
1959769333 5201000001 0
2059769493 5301000001 0
2159769400 5401000001 0
2259769320 5501000001 0
2359769493 5601000001 0
2459769440 5701000001 0
2559769360 5801000001 0
2659769360 5901000001 0
2759769453 6001000001 0
2859769440 6101000001 0
2959769453 6201000001 0
3059769520 6301000001 0
3159769493 6401000001 0
3259769533 6501000001 0
3359769493 6601000001 0
3459769386 6701000001 0
3559769573 6801000001 0
3659769613 6901000001 0
3759769400 7001000001 0
3859769480 7101000001 0
3959769373 7201000001 0
4059769466 7301000001 0
4159769440 7401000001 0
4259769400 7501000001 0
4359769400 7601000001 0
4459769506 7701000001 0
4559769506 7801000001 0
4659769546 7901000001 0
4759769506 8001000001 0
4859769360 8101000001 0
4959769413 8201000001 0
5059769426 8301000001 0
5159769360 8401000001 0
5259769533 8501000001 0
