Detector: detector priority is 6
Detector: detector period is 100
Detector is finished, processed all frames.
Dumping output [ timeBefore timeAfter timeDifference heapFreeBefore heapFreeAfter detectedCollisions suspectedCollisions ] for 50 recorded detector runs, in ns
173052573 177670520 4617947 814336 804832 1 4
273820613 290356866 16536253 804832 776672 1 4
373822040 399659226 25837186 776672 741376 2 24
473815760 491569853 17754093 741376 708704 0 0
574268320 601920093 27651773 708704 670752 3 24
674268640 702290906 28022266 670752 633216 2 28
774285106 789821906 15536800 633216 604576 0 0
874303666 891234800 16931134 604576 575968 1 6
974300933 990618680 16317747 575968 545984 0 0
1074294840 1091018373 16723533 545984 514656 0 0
1174271746 1192184213 17912467 514656 481984 0 0
1274280093 1292124520 17844427 481984 449312 0 0
1374288826 1390641493 16352667 449312 419328 0 0
1474306320 1488186933 13880613 419328 394304 1 2
1574303533 1589091800 14788267 394304 367008 0 0
1674294733 1701005866 26711133 367008 330368 2 24
1774276506 1809239133 34962627 330368 288384 3 42
1874270106 1890382720 16112614 288384 258400 0 0
1974280333 1996872760 22592427 258400 224896 2 16
2074318786 2091112373 16793587 224896 196288 1 6
2174304920 2191030626 16725706 814592 786336 0 4
2274304586 2291068040 16763454 786336 755008 0 0
2374279186 2391469520 17190334 755008 723680 0 0
2474284626 2490962480 16677854 723680 692352 0 0
2574288586 2591497026 17208440 692352 661024 0 0
2674307066 2690859480 16552414 661024 632768 0 4
2774303493 2791523533 17220040 632768 604160 1 6
2874297146 2896783733 22486587 604160 570656 2 16
2974303133 2991350573 17047440 570656 539328 0 0
3074272266 3105812613 31540347 539328 500032 3 36
3174281866 3200780840 26498974 500032 463392 2 24
3274287560 3289845533 15557973 463392 434752 0 0
3374321440 3388154306 13832866 434752 409728 1 2
3474312866 3489696506 15383640 409728 381088 0 0
3574306186 3591078800 16772614 381088 349760 0 0
3674275093 3692828000 18552907 349760 315744 0 0
3774279893 3791335840 17055947 315744 284416 0 0
3874282960 3889750493 15467533 284416 255776 0 0
3974320586 3991525733 17205147 255776 227168 1 6
4074307533 4089844960 15537427 814592 785952 0 0
4174307240 4202710933 28403693 785952 748416 2 28
4274277933 4301795480 27517547 748416 710464 3 24
4374271920 4391877546 17605626 710464 677792 0 0
4474277800 4501178413 26900613 677792 641152 2 24
4574341960 4590342226 16000266 641152 612992 1 4
4674312226 4691534933 17222707 612992 584384 1 6
4774310040 4790290266 15980226 584384 554400 0 0
4874303520 4892222720 17919200 554400 521728 0 0
4974288146 4991775346 17487200 521728 489056 0 0
5074288240 5091448106 17159866 489056 457728 0 0
Generated frames: 50
Received (and measured) frames: 50
Frame not ready event count (in detector): 0
Frames dropped due to full buffer in detector: 0
Frames processed by detector: 50
Detector stop indicator set: true
Reported missed detector periods (reported by waitForNextPeriod): 0
Detector first release was scheduled for: 3201000001
172893320 3201000001 0
272893186 3301000001 0
372893200 3401000001 0
472893013 3501000001 0
572893293 3601000001 0
672893320 3701000001 0
772893306 3801000001 0
872893066 3901000001 0
972893253 4001000001 0
1072893040 4101000001 0
1172893026 4201000001 0
1272893266 4301000001 0
1372893240 4401000001 0
1472893080 4501000001 0
1572893173 4601000001 0
1672893240 4701000001 0
1772893066 4801000001 0
1872893240 4901000001 0
1972893226 5001000001 0
2072893026 5101000001 0
2172893226 5201000001 0
2272892973 5301000001 0
2372892973 5401000001 0
2472893213 5501000001 0
2572893186 5601000001 0
2672893280 5701000001 0
2772893200 5801000001 0
2872893013 5901000001 0
2972893253 6001000001 0
3072893200 6101000001 0
3172893173 6201000001 0
3272893066 6301000001 0
3372892973 6401000001 0
3472893213 6501000001 0
3572893026 6601000001 0
3672893200 6701000001 0
3772893213 6801000001 0
3872893146 6901000001 0
3972893240 7001000001 0
4072893146 7101000001 0
4172893306 7201000001 0
4272892973 7301000001 0
4372893026 7401000001 0
4472893253 7501000001 0
4572893186 7601000001 0
4672892973 7701000001 0
4772893186 7801000001 0
4872893026 7901000001 0
4972893213 8001000001 0
5072893186 8101000001 0
