Detector: detector priority is 6
Detector: detector period is 100
Detector is finished, processed all frames.
Dumping output [ timeBefore timeAfter timeDifference heapFreeBefore heapFreeAfter detectedCollisions suspectedCollisions ] for 50 recorded detector runs, in ns
166299520 170820786 4521266 814464 804960 1 4
267041706 282576386 15534680 804960 776800 1 4
367044346 391817186 24772840 776800 741504 2 24
467036946 483496226 16459280 741504 708832 0 0
567472053 593904240 26432187 708832 670880 3 24
667472546 694358760 26886214 670880 633344 2 28
767488186 781933066 14444880 633344 604704 0 0
867514040 883438826 15924786 604704 576096 1 6
967510840 982666520 15155680 576096 546112 0 0
1067504933 1083012746 15507813 546112 514784 0 0
1167476400 1184098200 16621800 514784 482112 0 0
1267483160 1284035240 16552080 482112 449440 0 0
1367492280 1382681506 15189226 449440 419456 0 0
1467517146 1480500400 12983254 419456 394432 1 2
1567514906 1581275520 13760614 394432 367136 0 0
1667505960 1693053946 25547986 367136 330496 2 24
1767481053 1801292506 33811453 330496 288512 3 42
1867475066 1882430320 14955254 288512 258528 0 0
1967484760 1988978000 21493240 258528 225024 2 16
2067528533 2083336040 15807507 225024 196416 1 6
2167514680 2183189400 15674720 814592 786336 0 4
2267515706 2283082800 15567094 786336 755008 0 0
2367483666 2383459386 15975720 755008 723680 0 0
2467487786 2482969213 15481427 723680 692352 0 0
2567492506 2583489946 15997440 692352 661024 0 0
2667509280 2683016733 15507453 661024 632768 0 4
2767515040 2783747786 16232746 632768 604160 1 6
2867505880 2888864133 21358253 604160 570656 2 16
2967512813 2983340520 15827707 570656 539328 0 0
3067475306 3097896240 30420934 539328 500032 3 36
3167485093 3192828053 25342960 500032 463392 2 24
3267490986 3281956600 14465614 463392 434752 0 0
3367530826 3380474826 12944000 434752 409728 1 2
3467522413 3481813840 14291427 409728 381088 0 0
3567515893 3583075146 15559253 381088 349760 0 0
3667480520 3684680706 17200186 349760 315744 0 0
3767484413 3783307986 15823573 315744 284416 0 0
3867486933 3881861266 14374333 284416 255776 0 0
3967530480 3983718360 16187880 255776 227168 1 6
4067518746 4081964120 14445374 814592 785952 0 0
4167517440 4194767760 27250320 785952 748416 2 28
4267483093 4293775866 26292773 748416 710464 3 24
4367476920 4383811733 16334813 710464 677792 0 0
4467482840 4493225253 25742413 677792 641152 2 24
4567551266 4582558720 15007454 641152 612992 1 4
4667522280 4683740013 16217733 612992 584384 1 6
4767519906 4782370333 14850427 584384 554400 0 0
4867515013 4884160666 16645653 554400 521728 0 0
4967492680 4983723413 16230733 521728 489056 0 0
5067492680 5083438906 15946226 489056 457728 0 0
Generated frames: 50
Received (and measured) frames: 50
Frame not ready event count (in detector): 0
Frames dropped due to full buffer in detector: 0
Frames processed by detector: 50
Detector stop indicator set: true
Reported missed detector periods (reported by waitForNextPeriod): 0
Detector first release was scheduled for: 3201000001
166146853 3201000001 0
266146760 3301000001 0
366146840 3401000001 0
466146746 3501000001 0
566146546 3601000001 0
666146546 3701000001 0
766146853 3801000001 0
866146773 3901000001 0
966146546 4001000001 0
1066146760 4101000001 0
1166146773 4201000001 0
1266146546 4301000001 0
1366146813 4401000001 0
1466146773 4501000001 0
1566146853 4601000001 0
1666146746 4701000001 0
1766146773 4801000001 0
1866146800 4901000001 0
1966146773 5001000001 0
2066146773 5101000001 0
2166146840 5201000001 0
2266146813 5301000001 0
2366146933 5401000001 0
2466146560 5501000001 0
2566146720 5601000001 0
2666146800 5701000001 0
2766146746 5801000001 0
2866146826 5901000001 0
2966146813 6001000001 0
3066146626 6101000001 0
3166146720 6201000001 0
3266146786 6301000001 0
3366146560 6401000001 0
3466146546 6501000001 0
3566146720 6601000001 0
3666146720 6701000001 0
3766146840 6801000001 0
3866146586 6901000001 0
3966146560 7001000001 0
4066146786 7101000001 0
4166146546 7201000001 0
4266146893 7301000001 0
4366146800 7401000001 0
4466146786 7501000001 0
4566146800 7601000001 0
4666146560 7701000001 0
4766146773 7801000001 0
4866146786 7901000001 0
4966146840 8001000001 0
5066146760 8101000001 0
