Detector: detector priority is 6
Detector: detector period is 100
Detector is finished, processed all frames.
Dumping output [ timeBefore timeAfter timeDifference heapFreeBefore heapFreeAfter detectedCollisions suspectedCollisions ] for 50 recorded detector runs, in ns
165738146 173246600 7508454 814336 804832 1 4
266506173 293330320 26824147 804832 776672 1 4
366507053 405736333 39229280 776672 741376 2 24
466500920 496423000 29922080 741376 708704 0 0
566952760 609116600 42163840 708704 670752 3 24
666953146 709312680 42359534 670752 633216 2 28
766970146 792976120 26005974 633216 604576 0 0
866988533 894403666 27415133 604576 575968 1 6
966985546 994343333 27357787 575968 545984 0 0
1066979800 1095326666 28346866 545984 514656 0 0
1166956720 1197058493 30101773 514656 481984 0 0
1266964773 1296992506 30027733 481984 449312 0 0
1366973200 1394364106 27390906 449312 419328 0 0
1466990933 1489816320 22825387 419328 394304 1 2
1566988080 1591666986 24678906 394304 367008 0 0
1666979200 1707630400 40651200 367008 330368 2 24
1766961693 1818214066 51252373 330368 288384 3 42
1866954800 1894090506 27135706 288384 258400 0 0
1966965373 2002145386 35180013 258400 224896 2 16
2067003613 2094285080 27281467 224896 196288 1 6
2166989666 2194576186 27586520 814592 786336 0 4
2266989493 2295375186 28385693 786336 755008 0 0
2366964653 2395765746 28801093 755008 723680 0 0
2466969653 2495269906 28300253 723680 692352 0 0
2566973226 2595791186 28817960 692352 661024 0 0
2666991786 2694405306 27413520 661024 632768 0 4
2766989946 2794694160 27704214 632768 604160 1 6
2866980693 2902022293 35041600 604160 570656 2 16
2966988346 2995647546 28659200 570656 539328 0 0
3066957120 3113602626 46645506 539328 500032 3 36
3166966680 3207414946 40448266 500032 463392 2 24
3266972466 3293001453 26028987 463392 434752 0 0
3367006280 3389793066 22786786 434752 409728 1 2
3466997360 3492853866 25856506 409728 381088 0 0
3566990706 3595386000 28395294 381088 349760 0 0
3666959826 3698276400 31316574 349760 315744 0 0
3766965160 3795633093 28667933 315744 284416 0 0
3866967640 3892906693 25939053 284416 255776 0 0
3967004866 3994680600 27675734 255776 227168 1 6
4066992253 4092993280 26001027 814592 785952 0 0
4166991800 4209718520 42726720 785952 748416 2 28
4266962866 4308992933 42030067 748416 710464 3 24
4366957120 4396754346 29797226 710464 677792 0 0
4466962360 4507801600 40839240 677792 641152 2 24
4567026826 4593320786 26293960 641152 612992 1 4
4666997720 4694698226 27700506 612992 584384 1 6
4766994933 4794025786 27030853 584384 554400 0 0
4866988240 4897092240 30104000 554400 521728 0 0
4966973066 4996658413 29685347 521728 489056 0 0
5066972973 5095746013 28773040 489056 457728 0 0
Generated frames: 50
Received (and measured) frames: 50
Frame not ready event count (in detector): 0
Frames dropped due to full buffer in detector: 0
Frames processed by detector: 50
Detector stop indicator set: true
Reported missed detector periods (reported by waitForNextPeriod): 0
Detector first release was scheduled for: 3201000001
165562813 3201000001 0
265562893 3301000001 0
365562840 3401000001 0
465562960 3501000001 0
565562853 3601000001 0
665562826 3701000001 0
765562986 3801000001 0
865562880 3901000001 0
965562920 4001000001 0
1065562933 4101000001 0
1165562866 4201000001 0
1265562840 4301000001 0
1365562933 4401000001 0
1465562933 4501000001 0
1565562920 4601000001 0
1665562933 4701000001 0
1765562946 4801000001 0
1865562906 4901000001 0
1965562933 5001000001 0
2065562920 5101000001 0
2165562866 5201000001 0
2265562920 5301000001 0
2365562933 5401000001 0
2465562840 5501000001 0
2565562826 5601000001 0
2665562893 5701000001 0
2765562880 5801000001 0
2865562893 5901000001 0
2965562880 6001000001 0
3065562866 6101000001 0
3165562973 6201000001 0
3265562906 6301000001 0
3365562986 6401000001 0
3465562960 6501000001 0
3565562946 6601000001 0
3665562880 6701000001 0
3765562986 6801000001 0
3865562960 6901000001 0
3965562866 7001000001 0
4065562880 7101000001 0
4165562946 7201000001 0
4265562906 7301000001 0
4365562880 7401000001 0
4465562893 7501000001 0
4565562960 7601000001 0
4665562960 7701000001 0
4765562840 7801000001 0
4865562880 7901000001 0
4965562880 8001000001 0
5065562960 8101000001 0
