Detector: detector priority is 6
Detector: detector period is 100
Detector is finished, processed all frames.
Dumping output [ timeBefore timeAfter timeDifference heapFreeBefore heapFreeAfter detectedCollisions suspectedCollisions ] for 50 recorded detector runs, in ns
174174560 178643706 4469146 814784 805600 1 4
274947093 291004493 16057400 805600 777760 1 4
374949306 400284720 25335414 777760 742784 2 24
474942706 492141013 17198307 742784 710432 0 0
575393773 602467693 27073920 710432 672800 3 24
675393746 702886360 27492614 672800 635584 2 28
775410106 790447600 15037494 635584 607264 0 0
875429666 891897906 16468240 607264 578976 1 6
975426986 991222880 15795894 578976 549312 0 0
1075421533 1091632493 16210960 549312 518304 0 0
1175397280 1192744626 17347346 518304 485952 0 0
1275405386 1292692973 17287587 485952 453600 0 0
1375414226 1391249360 15835134 453600 423936 0 0
1475432266 1488890546 13458280 423936 399232 1 2
1575429280 1589748360 14319080 399232 372256 0 0
1675420493 1701588520 26168027 372256 335936 2 24
1775400800 1809776360 34375560 335936 294272 3 42
1875396986 1891011040 15614054 294272 264608 0 0
1975406306 1997471013 22064707 264608 231424 2 16
2075444826 2091783413 16338587 814976 786688 1 6
2175430733 2191664160 16233427 786688 758752 0 4
2275430973 2291680160 16249187 758752 727744 0 0
2375405120 2392044213 16639093 727744 696736 0 0
2475410226 2491577960 16167734 696736 665728 0 0
2575413773 2592074986 16661213 665728 634720 0 0
2675432893 2691516440 16083547 634720 606784 0 4
2775429533 2792165933 16736400 606784 578496 1 6
2875423453 2897394053 21970600 578496 545312 2 16
2975429333 2991939346 16510013 545312 514304 0 0
3075397786 3106382346 30984560 514304 475328 3 36
3175407386 3201377106 25969720 475328 439008 2 24
3275413266 3290470520 15057254 439008 410688 0 0
3375447946 3388862280 13414334 410688 385984 1 2
3475439053 3490334973 14895920 385984 357664 0 0
3575432626 3591691746 16259120 357664 326656 0 0
3675400706 3693378880 17978174 326656 292960 0 0
3775406000 3791925413 16519413 292960 261952 0 0
3875408520 3890390480 14981960 261952 233632 0 0
3975446026 3992173973 16727947 814976 786688 1 6
4075433480 4090482160 15048680 786688 758368 0 0
4175433120 4203281520 27848400 758368 721152 2 28
4275403573 4302348146 26944573 721152 683520 3 24
4375397880 4392459653 17061773 683520 651168 0 0
4475403400 4501743666 26340266 651168 614848 2 24
4575468080 4591015453 15547373 614848 587008 1 4
4675438333 4692178226 16739893 587008 558720 1 6
4775436280 4790923026 15486746 558720 529056 0 0
4875429626 4892781586 17351960 529056 496704 0 0
4975413826 4992368533 16954707 496704 464352 0 0
5075413906 5092032653 16618747 464352 433344 0 0
Generated frames: 50
Received (and measured) frames: 50
Frame not ready event count (in detector): 0
Frames dropped due to full buffer in detector: 0
Frames processed by detector: 50
Detector stop indicator set: true
Reported missed detector periods (reported by waitForNextPeriod): 0
Detector first release was scheduled for: 3201000001
174016333 3201000001 0
274016440 3301000001 0
374016440 3401000001 0
474016440 3501000001 0
574016520 3601000001 0
674016400 3701000001 0
774016346 3801000001 0
874016306 3901000001 0
974016520 4001000001 0
1074016426 4101000001 0
1174016280 4201000001 0
1274016493 4301000001 0
1374016440 4401000001 0
1474016453 4501000001 0
1574016280 4601000001 0
1674016373 4701000001 0
1774016306 4801000001 0
1874016266 4901000001 0
1974016360 5001000001 0
2074016306 5101000001 0
2174016293 5201000001 0
2274016440 5301000001 0
2374016320 5401000001 0
2474016400 5501000001 0
2574016266 5601000001 0
2674016400 5701000001 0
2774016293 5801000001 0
2874016320 5901000001 0
2974016466 6001000001 0
3074016440 6101000001 0
3174016306 6201000001 0
3274016360 6301000001 0
3374016346 6401000001 0
3474016320 6501000001 0
3574016440 6601000001 0
3674016453 6701000001 0
3774016266 6801000001 0
3874016466 6901000001 0
3974016293 7001000001 0
4074016306 7101000001 0
4174016533 7201000001 0
4274016440 7301000001 0
4374016520 7401000001 0
4474016346 7501000001 0
4574016506 7601000001 0
4674016413 7701000001 0
4774016360 7801000001 0
4874016520 7901000001 0
4974016306 8001000001 0
5074016360 8101000001 0
