Detector: detector priority is 6
Detector: detector period is 100
Detector is finished, processed all frames.
Dumping output [ timeBefore timeAfter timeDifference heapFreeBefore heapFreeAfter detectedCollisions suspectedCollisions ] for 50 recorded detector runs, in ns
353610680 361119506 7508826 814336 804832 1 4
454378546 481202093 26823547 804832 776672 1 4
554379733 593611346 39231613 776672 741376 2 24
654373253 684316533 29943280 741376 708704 0 0
754825706 796989640 42163934 708704 670752 3 24
854825693 897185413 42359720 670752 633216 2 28
954842693 980849160 26006467 633216 604576 0 0
1054861453 1082277133 27415680 604576 575968 1 6
1154857840 1182215880 27358040 575968 545984 0 0
1254852293 1283198906 28346613 545984 514656 0 0
1354829280 1384930253 30100973 514656 481984 0 0
1454837240 1484866333 30029093 481984 449312 0 0
1554845786 1582236506 27390720 449312 419328 0 0
1654863373 1677689440 22826067 419328 394304 1 2
1754860986 1779540093 24679107 394304 367008 0 0
1854851773 1895503306 40651533 367008 330368 2 24
1954834200 2006089133 51254933 330368 288384 3 42
2054828853 2081994866 27166013 288384 258400 0 0
2154837893 2190018920 35181027 258400 224896 2 16
2254876306 2282156666 27280360 224896 196288 1 6
2354862186 2382450013 27587827 814592 786336 0 4
2454862173 2483247760 28385587 786336 755008 0 0
2554837080 2583637826 28800746 755008 723680 0 0
2654842346 2683142493 28300147 723680 692352 0 0
2754846280 2783663813 28817533 692352 661024 0 0
2854864613 2882278213 27413600 661024 632768 0 4
2954862640 2982566826 27704186 632768 604160 1 6
3054854746 3089929386 35074640 604160 570656 2 16
3154860200 3183519866 28659666 570656 539328 0 0
3254829760 3301473386 46643626 539328 500032 3 36
3354839266 3395287853 40448587 500032 463392 2 24
3454845066 3480873160 26028094 463392 434752 0 0
3554879040 3577665613 22786573 434752 409728 1 2
3654870093 3680725360 25855267 409728 381088 0 0
3754863440 3783257786 28394346 381088 349760 0 0
3854832333 3886148253 31315920 349760 315744 0 0
3954837813 3983505546 28667733 315744 284416 0 0
4054839906 4080778746 25938840 284416 255776 0 0
4154877600 4182552333 27674733 255776 227168 1 6
4254864866 4280866840 26001974 814592 785952 0 0
4354864493 4397592506 42728013 785952 748416 2 28
4454835520 4496866373 42030853 748416 710464 3 24
4554829533 4584626893 29797360 710464 677792 0 0
4654835080 4695674333 40839253 677792 641152 2 24
4754899306 4781193333 26294027 641152 612992 1 4
4854869973 4882571026 27701053 612992 584384 1 6
4954867320 4981898680 27031360 584384 554400 0 0
5054860893 5084964653 30103760 554400 521728 0 0
5154845813 5184530933 29685120 521728 489056 0 0
5254846026 5283618573 28772547 489056 457728 0 0
Generated frames: 50
Received (and measured) frames: 50
Frame not ready event count (in detector): 0
Frames dropped due to full buffer in detector: 0
Frames processed by detector: 50
Detector stop indicator set: true
Reported missed detector periods (reported by waitForNextPeriod): 0
Detector first release was scheduled for: 3601000001
353435426 3601000001 0
453435493 3701000001 0
553435480 3801000001 0
653435466 3901000001 0
753435546 4001000001 0
853435453 4101000001 0
953435640 4201000001 0
1053435520 4301000001 0
1153435453 4401000001 0
1253435480 4501000001 0
1353435480 4601000001 0
1453435533 4701000001 0
1553435560 4801000001 0
1653435480 4901000001 0
1753435493 5001000001 0
1853435520 5101000001 0
1953435533 5201000001 0
2053435400 5301000001 0
2153435573 5401000001 0
2253435440 5501000001 0
2353435560 5601000001 0
2453435666 5701000001 0
2553435533 5801000001 0
2653435520 5901000001 0
2753435720 6001000001 0
2853435533 6101000001 0
2953435600 6201000001 0
3053435506 6301000001 0
3153435453 6401000001 0
3253435520 6501000001 0
3353435533 6601000001 0
3453435586 6701000001 0
3553435546 6801000001 0
3653435573 6901000001 0
3753435386 7001000001 0
3853435440 7101000001 0
3953435560 7201000001 0
4053435426 7301000001 0
4153435506 7401000001 0
4253435440 7501000001 0
4353435493 7601000001 0
4453435400 7701000001 0
4553435533 7801000001 0
4653435506 7901000001 0
4753435533 8001000001 0
4853435480 8101000001 0
4953435466 8201000001 0
5053435480 8301000001 0
5153435546 8401000001 0
5253435666 8501000001 0
