Detector: detector priority is 6
Detector: detector period is 100
Detector is finished, processed all frames.
Dumping output [ timeBefore timeAfter timeDifference heapFreeBefore heapFreeAfter detectedCollisions suspectedCollisions ] for 50 recorded detector runs, in ns
165135066 169653720 4518654 814464 804960 1 4
265877680 281412320 15534640 804960 776800 1 4
365879013 390634506 24755493 776800 741504 2 24
465872693 482334506 16461813 741504 708832 0 0
566307866 592730613 26422747 708832 670880 3 24
666308093 693194693 26886600 670880 633344 2 28
766324373 780768173 14443800 633344 604704 0 0
866349560 882274946 15925386 604704 576096 1 6
966346600 981502466 15155866 576096 546112 0 0
1066341160 1081848613 15507453 546112 514784 0 0
1166311746 1182933893 16622147 514784 482112 0 0
1266318560 1282871440 16552880 482112 449440 0 0
1366328026 1381517373 15189347 449440 419456 0 0
1466353026 1479336026 12983000 419456 394432 1 2
1566350200 1580110920 13760720 394432 367136 0 0
1666341506 1691891466 25549960 367136 330496 2 24
1766317000 1800129000 33812000 330496 288512 3 42
1866310746 1881266000 14955254 288512 258528 0 0
1966320413 1987813786 21493373 258528 225024 2 16
2066364133 2082171053 15806920 225024 196416 1 6
2166350266 2182026106 15675840 814592 786336 0 4
2266351120 2281918680 15567560 786336 755008 0 0
2366319226 2382293840 15974614 755008 723680 0 0
2466323800 2481805266 15481466 723680 692352 0 0
2566328173 2582324626 15996453 692352 661024 0 0
2666345360 2681852146 15506786 661024 632768 0 4
2766350960 2782584173 16233213 632768 604160 1 6
2866341293 2887693680 21352387 604160 570656 2 16
2966348333 2982177040 15828707 570656 539328 0 0
3066311413 3096731453 30420040 539328 500032 3 36
3166320973 3191662746 25341773 500032 463392 2 24
3266326560 3280791280 14464720 463392 434752 0 0
3366366373 3379310546 12944173 434752 409728 1 2
3466358613 3480649493 14290880 409728 381088 0 0
3566351866 3581910520 15558654 381088 349760 0 0
3666316146 3683516920 17200774 349760 315744 0 0
3766319813 3782143013 15823200 315744 284416 0 0
3866322733 3880697013 14374280 284416 255776 0 0
3966366426 3982553986 16187560 255776 227168 1 6
4066354333 4080799733 14445400 814592 785952 0 0
4166353253 4193602786 27249533 785952 748416 2 28
4266318320 4292611653 26293333 748416 710464 3 24
4366312373 4382647133 16334760 710464 677792 0 0
4466318440 4492060386 25741946 677792 641152 2 24
4566386613 4581394480 15007867 641152 612992 1 4
4666358293 4682576346 16218053 612992 584384 1 6
4766355306 4781205546 14850240 584384 554400 0 0
4866350880 4882996120 16645240 554400 521728 0 0
4966328320 4982558266 16229946 521728 489056 0 0
5066328293 5082273666 15945373 489056 457728 0 0
Generated frames: 50
Received (and measured) frames: 50
Frame not ready event count (in detector): 0
Frames dropped due to full buffer in detector: 0
Frames processed by detector: 50
Detector stop indicator set: true
Reported missed detector periods (reported by waitForNextPeriod): 0
Detector first release was scheduled for: 3201000001
164982453 3201000001 0
264982520 3301000001 0
364982493 3401000001 0
464982493 3501000001 0
564982333 3601000001 0
664982560 3701000001 0
764982480 3801000001 0
864982266 3901000001 0
964982466 4001000001 0
1064982426 4101000001 0
1164982506 4201000001 0
1264982520 4301000001 0
1364982520 4401000001 0
1464982413 4501000001 0
1564982306 4601000001 0
1664982493 4701000001 0
1764982560 4801000001 0
1864982480 4901000001 0
1964982546 5001000001 0
2064982293 5101000001 0
2164982560 5201000001 0
2264982240 5301000001 0
2364982520 5401000001 0
2464982466 5501000001 0
2564982480 5601000001 0
2664982413 5701000001 0
2764982573 5801000001 0
2864982240 5901000001 0
2964982506 6001000001 0
3064982533 6101000001 0
3164982373 6201000001 0
3264982426 6301000001 0
3364982253 6401000001 0
3464982560 6501000001 0
3564982453 6601000001 0
3664982466 6701000001 0
3764982253 6801000001 0
3864982466 6901000001 0
3964982573 7001000001 0
4064982240 7101000001 0
4164982493 7201000001 0
4264982453 7301000001 0
4364982240 7401000001 0
4464982573 7501000001 0
4564982573 7601000001 0
4664982520 7701000001 0
4764982253 7801000001 0
4864982520 7901000001 0
4964982600 8001000001 0
5064982253 8101000001 0
