Detector: detector priority is 6
Detector: detector period is 100
Detector is finished, processed all frames.
Dumping output [ timeBefore timeAfter timeDifference heapFreeBefore heapFreeAfter detectedCollisions suspectedCollisions ] for 50 recorded detector runs, in ns
165130640 172647000 7516360 814784 805600 1 4
265896773 292515053 26618280 805600 777760 1 4
365897080 404877133 38980053 777760 742784 2 24
465890600 495537626 29647026 742784 710432 0 0
566344053 608238826 41894773 710432 672800 3 24
666344186 708457493 42113307 672800 635584 2 28
766360946 792142613 25781667 635584 607264 0 0
866379413 893587986 27208573 607264 578976 1 6
966375866 993490733 27114867 578976 549312 0 0
1066370240 1094447480 28077240 549312 518304 0 0
1166347346 1196169786 29822440 518304 485952 0 0
1266355253 1296099653 29744400 485952 453600 0 0
1366364013 1393506813 27142800 453600 423936 0 0
1466382013 1489028626 22646613 423936 399232 1 2
1566379226 1590843733 24464507 399232 372256 0 0
1666370000 1706775026 40405026 372256 335936 2 24
1766352293 1817362613 51010320 335936 294272 3 42
1866345626 1893234453 26888827 294272 264608 0 0
1966356133 2001303640 34947507 264608 231424 2 16
2066394413 2093467133 27072720 814976 786688 1 6
2166380586 2193749186 27368600 786688 758752 0 4
2266380293 2294496133 28115840 758752 727744 0 0
2366354813 2394894533 28539720 727744 696736 0 0
2466360573 2494391120 28030547 696736 665728 0 0
2566363973 2594919866 28555893 665728 634720 0 0
2666382986 2693563426 27180440 634720 606784 0 4
2766380773 2793879040 27498267 606784 578496 1 6
2866371440 2901168880 34797440 578496 545312 2 16
2966379040 2994770813 28391773 545312 514304 0 0
3066347666 3112760066 46412400 514304 475328 3 36
3166357320 3206557266 40199946 475328 439008 2 24
3266363240 3292166573 25803333 439008 410688 0 0
3366396826 3389009253 22612427 410688 385984 1 2
3466387920 3492015586 25627666 385984 357664 0 0
3566381240 3594507160 28125920 357664 326656 0 0
3666350626 3697365133 31014507 326656 292960 0 0
3766355813 3794755000 28399187 292960 261952 0 0
3866358280 3892064960 25706680 261952 233632 0 0
3966395800 3993863546 27467746 814976 786688 1 6
4066382986 4092152266 25769280 786688 758368 0 0
4166382573 4208868480 42485907 758368 721152 2 28
4266353533 4308123786 41770253 721152 683520 3 24
4366347680 4395861240 29513560 683520 651168 0 0
4466353373 4506953573 40600200 651168 614848 2 24
4566417400 4592502146 26084746 614848 587008 1 4
4666388253 4693889360 27501107 587008 558720 1 6
4766385200 4793166680 26781480 558720 529056 0 0
4866379066 4896205533 29826467 529056 496704 0 0
4966363786 4995760453 29396667 496704 464352 0 0
5066364186 5094869573 28505387 464352 433344 0 0
Generated frames: 50
Received (and measured) frames: 50
Frame not ready event count (in detector): 0
Frames dropped due to full buffer in detector: 0
Frames processed by detector: 50
Detector stop indicator set: true
Reported missed detector periods (reported by waitForNextPeriod): 0
Detector first release was scheduled for: 3201000001
164957120 3201000001 0
264956946 3301000001 0
364957213 3401000001 0
464957213 3501000001 0
564957213 3601000001 0
664957240 3701000001 0
764957133 3801000001 0
864957146 3901000001 0
964957213 4001000001 0
1064957200 4101000001 0
1164957026 4201000001 0
1264957173 4301000001 0
1364957253 4401000001 0
1464957200 4501000001 0
1564957200 4601000001 0
1664956960 4701000001 0
1764957320 4801000001 0
1864957200 4901000001 0
1964957240 5001000001 0
2064957173 5101000001 0
2164957280 5201000001 0
2264957186 5301000001 0
2364957013 5401000001 0
2464957186 5501000001 0
2564956973 5601000001 0
2664957253 5701000001 0
2764957146 5801000001 0
2864957146 5901000001 0
2964957266 6001000001 0
3064957226 6101000001 0
3164957253 6201000001 0
3264957133 6301000001 0
3364957226 6401000001 0
3464957173 6501000001 0
3564957000 6601000001 0
3664957200 6701000001 0
3764957173 6801000001 0
3864957293 6901000001 0
3964957173 7001000001 0
4064957186 7101000001 0
4164957226 7201000001 0
4264956973 7301000001 0
4364957133 7401000001 0
4464957226 7501000001 0
4564957200 7601000001 0
4664957240 7701000001 0
4764956986 7801000001 0
4864957293 7901000001 0
4964957146 8001000001 0
5064957240 8101000001 0
