Detector: detector priority is 6
Detector: detector period is 100
Detector is finished, processed all frames.
Dumping output [ timeBefore timeAfter timeDifference heapFreeBefore heapFreeAfter detectedCollisions suspectedCollisions ] for 50 recorded detector runs, in ns
165615520 170136560 4521040 814464 804960 1 4
266358186 281891840 15533654 804960 776800 1 4
366360426 391133613 24773187 776800 741504 2 24
466353933 482813720 16459787 741504 708832 0 0
566788026 593220240 26432214 708832 670880 3 24
666788373 693675733 26887360 670880 633344 2 28
766804946 781249760 14444814 633344 604704 0 0
866830213 882755840 15925627 604704 576096 1 6
966827160 981982586 15155426 576096 546112 0 0
1066821560 1082328226 15506666 546112 514784 0 0
1166792520 1183413040 16620520 514784 482112 0 0
1266799093 1283352240 16553147 482112 449440 0 0
1366808693 1381997226 15188533 449440 419456 0 0
1466833453 1479816066 12982613 419456 394432 1 2
1566830640 1580591746 13761106 394432 367136 0 0
1666822506 1692369520 25547014 367136 330496 2 24
1766797266 1800609413 33812147 330496 288512 3 42
1866791240 1881746493 14955253 288512 258528 0 0
1966800693 1988294120 21493427 258528 225024 2 16
2066844946 2082651973 15807027 225024 196416 1 6
2166830546 2182505693 15675147 814592 786336 0 4
2266831360 2282398400 15567040 786336 755008 0 0
2366799720 2382773906 15974186 755008 723680 0 0
2466804293 2482285226 15480933 723680 692352 0 0
2566808573 2582805826 15997253 692352 661024 0 0
2666825866 2682332893 15507027 661024 632768 0 4
2766831266 2783064146 16232880 632768 604160 1 6
2866822040 2888175546 21353506 604160 570656 2 16
2966828746 2982656946 15828200 570656 539328 0 0
3066791586 3097211040 30419454 539328 500032 3 36
3166801386 3192144080 25342694 500032 463392 2 24
3266807133 3281272426 14465293 463392 434752 0 0
3366846720 3379790693 12943973 434752 409728 1 2
3466838933 3481130866 14291933 409728 381088 0 0
3566832213 3582392240 15560027 381088 349760 0 0
3666796253 3683996133 17199880 349760 315744 0 0
3766800546 3782624000 15823454 315744 284416 0 0
3866803146 3881177040 14373894 284416 255776 0 0
3966847080 3983035466 16188386 255776 227168 1 6
4066834933 4081280946 14446013 814592 785952 0 0
4166833613 4194083586 27249973 785952 748416 2 28
4266798906 4293091706 26292800 748416 710464 3 24
4366792840 4383127426 16334586 710464 677792 0 0
4466798906 4492540960 25742054 677792 641152 2 24
4566866560 4581874226 15007666 641152 612992 1 4
4666838826 4683057093 16218267 612992 584384 1 6
4766835533 4781685413 14849880 584384 554400 0 0
4866831160 4883476333 16645173 554400 521728 0 0
4966808973 4983039640 16230667 521728 489056 0 0
5066808946 5082755133 15946187 489056 457728 0 0
Generated frames: 50
Received (and measured) frames: 50
Frame not ready event count (in detector): 0
Frames dropped due to full buffer in detector: 0
Frames processed by detector: 50
Detector stop indicator set: true
Reported missed detector periods (reported by waitForNextPeriod): 0
Detector first release was scheduled for: 3201000001
165462960 3201000001 0
265462933 3301000001 0
365462893 3401000001 0
465462693 3501000001 0
565462693 3601000001 0
665462773 3701000001 0
765463040 3801000001 0
865462973 3901000001 0
965462946 4001000001 0
1065463000 4101000001 0
1165462866 4201000001 0
1265462906 4301000001 0
1365463013 4401000001 0
1465462933 4501000001 0
1565462720 4601000001 0
1665462920 4701000001 0
1765462933 4801000001 0
1865462973 4901000001 0
1965462946 5001000001 0
2065463093 5101000001 0
2165462893 5201000001 0
2265462946 5301000001 0
2365462973 5401000001 0
2465462973 5501000001 0
2565462933 5601000001 0
2665462986 5701000001 0
2765462933 5801000001 0
2865462986 5901000001 0
2965463053 6001000001 0
3065462920 6101000001 0
3165463000 6201000001 0
3265462880 6301000001 0
3365462746 6401000001 0
3465462920 6501000001 0
3565462866 6601000001 0
3665462786 6701000001 0
3765463000 6801000001 0
3865462880 6901000001 0
3965462946 7001000001 0
4065462693 7101000001 0
4165462986 7201000001 0
4265462933 7301000001 0
4365462706 7401000001 0
4465462880 7501000001 0
4565462933 7601000001 0
4665462693 7701000001 0
4765462693 7801000001 0
4865462973 7901000001 0
4965463053 8001000001 0
5065462946 8101000001 0
