Detector: detector priority is 6
Detector: detector period is 100
Detector is finished, processed all frames.
Dumping output [ timeBefore timeAfter timeDifference heapFreeBefore heapFreeAfter detectedCollisions suspectedCollisions ] for 50 recorded detector runs, in ns
171131320 175597786 4466466 814784 805600 1 4
271904746 287965840 16061094 805600 777760 1 4
371906173 397249920 25343747 777760 742784 2 24
471898453 489080640 17182187 742784 710432 0 0
572350133 599424933 27074800 710432 672800 3 24
672350373 699842920 27492547 672800 635584 2 28
772367026 787405026 15038000 635584 607264 0 0
872386426 888853760 16467334 607264 578976 1 6
972383720 988179786 15796066 578976 549312 0 0
1072378106 1088589746 16211640 549312 518304 0 0
1172354146 1189703640 17349494 518304 485952 0 0
1272362106 1289649080 17286974 485952 453600 0 0
1372370800 1388206466 15835666 453600 423936 0 0
1472388933 1485847533 13458600 423936 399232 1 2
1572386520 1586703626 14317106 399232 372256 0 0
1672377346 1698545693 26168347 372256 335936 2 24
1772359200 1806770506 34411306 335936 294272 3 42
1872352306 1887952493 15600187 294272 264608 0 0
1972362933 1994427013 22064080 264608 231424 2 16
2072401733 2088740280 16338547 814976 786688 1 6
2172387373 2188620266 16232893 786688 758752 0 4
2272387506 2288636493 16248987 758752 727744 0 0
2372361773 2389000733 16638960 727744 696736 0 0
2472367146 2488534800 16167654 696736 665728 0 0
2572370986 2589031373 16660387 665728 634720 0 0
2672389413 2688473893 16084480 634720 606784 0 4
2772387906 2789141026 16753120 606784 578496 1 6
2872378653 2894342266 21963613 578496 545312 2 16
2972386080 2988896080 16510000 545312 514304 0 0
3072354280 3103338600 30984320 514304 475328 3 36
3172364173 3198333133 25968960 475328 439008 2 24
3272370040 3287428120 15058080 439008 410688 0 0
3372404560 3385818466 13413906 410688 385984 1 2
3472395786 3487291520 14895734 385984 357664 0 0
3572389186 3588648240 16259054 357664 326656 0 0
3672357373 3690334586 17977213 326656 292960 0 0
3772362426 3788881640 16519214 292960 261952 0 0
3872365186 3887347560 14982374 261952 233632 0 0
3972403320 3989130933 16727613 814976 786688 1 6
4072389893 4087438120 15048227 786688 758368 0 0
4172389653 4200238906 27849253 758368 721152 2 28
4272360453 4299304506 26944053 721152 683520 3 24
4372354613 4389416320 17061707 683520 651168 0 0
4472359986 4498699853 26339867 651168 614848 2 24
4572424440 4587970933 15546493 614848 587008 1 4
4672395493 4689135093 16739600 587008 558720 1 6
4772392880 4787880146 15487266 558720 529056 0 0
4872386026 4889738640 17352614 529056 496704 0 0
4972370786 4989326000 16955214 496704 464352 0 0
5072370786 5088988600 16617814 464352 433344 0 0
Generated frames: 50
Received (and measured) frames: 50
Frame not ready event count (in detector): 0
Frames dropped due to full buffer in detector: 0
Frames processed by detector: 50
Detector stop indicator set: true
Reported missed detector periods (reported by waitForNextPeriod): 0
Detector first release was scheduled for: 3201000001
170973053 3201000001 0
270973080 3301000001 0
370973093 3401000001 0
470973093 3501000001 0
570972946 3601000001 0
670972973 3701000001 0
770972920 3801000001 0
870972920 3901000001 0
970973026 4001000001 0
1070973133 4101000001 0
1170973053 4201000001 0
1270972946 4301000001 0
1370973013 4401000001 0
1470972920 4501000001 0
1570973066 4601000001 0
1670973080 4701000001 0
1770973133 4801000001 0
1870973013 4901000001 0
1970973106 5001000001 0
2070973186 5101000001 0
2170973026 5201000001 0
2270973213 5301000001 0
2370972920 5401000001 0
2470973053 5501000001 0
2570973200 5601000001 0
2670972933 5701000001 0
2770972946 5801000001 0
2870973040 5901000001 0
2970972973 6001000001 0
3070972960 6101000001 0
3170973080 6201000001 0
3270973040 6301000001 0
3370972920 6401000001 0
3470973066 6501000001 0
3570972986 6601000001 0
3670973213 6701000001 0
3770973106 6801000001 0
3870973133 6901000001 0
3970973120 7001000001 0
4070972920 7101000001 0
4170973133 7201000001 0
4270973160 7301000001 0
4370973186 7401000001 0
4470973133 7501000001 0
4570973133 7601000001 0
4670973120 7701000001 0
4770972933 7801000001 0
4870972960 7901000001 0
4970973173 8001000001 0
5070972973 8101000001 0
