Detector: detector priority is 6
Detector: detector period is 100
Detector is finished, processed all frames.
Dumping output [ timeBefore timeAfter timeDifference heapFreeBefore heapFreeAfter detectedCollisions suspectedCollisions ] for 50 recorded detector runs, in ns
288736480 293756626 5020146 814832 804800 1 4
389484600 407553626 18069026 804752 772128 1 4
489486853 517127773 27640920 772080 729840 2 24
589480853 609092240 19611387 729792 691888 0 0
689913466 719535746 29622280 691840 646384 3 24
789914120 819819800 29905680 646336 601184 2 28
889930040 907056000 17125960 601136 568128 0 0
989955373 1008414573 18459200 568080 534816 1 6
1089952200 1107950080 17997880 534768 500128 0 0
1189946933 1208426560 18479627 500080 463808 0 0
1289917933 1309698680 19780747 463760 425856 0 0
1389924840 1409635600 19710760 425808 387904 0 0
1489933826 1507966666 18032840 387856 353216 0 0
1589958986 1605153186 15194200 353168 324448 1 2
1689956493 1706244680 16288187 324400 293024 0 0
1789947826 1818518666 28570840 292976 249104 2 24
1889922560 1926948400 37025840 815232 764016 3 42
1989918200 2007701320 17783120 763968 729328 0 0
2089926226 2114276120 24349894 729280 689600 2 16
2189970133 2208290613 18320480 689552 656288 1 6
2289955840 2308301213 18345373 656240 623104 0 4
2389957266 2408481413 18524147 623056 586784 0 0
2489925000 2508881720 18956720 586736 550464 0 0
2589929306 2608362600 18433294 550416 514144 0 0
2689934013 2708922426 18988413 514096 477824 0 0
2789951066 2808111693 18160627 477776 444640 0 4
2889956880 2908733706 18776826 444592 411328 1 6
2989948880 3014170320 24221440 411280 371600 2 16
3089954013 3108767213 18813200 371552 335280 0 0
3189917306 3223380453 33463147 335232 287568 3 36
3289926453 3318278520 28352067 287520 243648 2 24
3389932226 3407080853 17148627 815232 782224 0 0
3489972373 3505122413 15150040 782176 753456 1 2
3589964440 3606931933 16967493 753408 720400 0 0
3689957693 3708499253 18541560 720352 684080 0 0
3789922173 3810430200 20508027 684032 644496 0 0
3889926106 3908741600 18815494 644448 608176 0 0
3989928373 4006982213 17053840 608128 575120 0 0
4089972360 4108712800 18740440 575072 541808 1 6
4189960680 4207088626 17127946 541760 508752 0 0
4289959253 4320253026 30293773 508704 463552 2 28
4389924360 4419398840 29474480 463504 418048 3 24
4489918360 4509385440 19467080 418000 380096 0 0
4589924493 4618698213 28773720 380048 336176 2 24
4689992653 4707509133 17516480 336128 303504 1 4
4789964266 4808709360 18745094 303456 270192 1 6
4889961546 4907619426 17657880 270144 235504 0 0
4989956666 5009739733 19783067 815232 777328 0 0
5089933880 5109279573 19345693 777280 739376 0 0
5189933440 5208856506 18923066 739328 703056 0 0
Generated frames: 50
Received (and measured) frames: 50
Frame not ready event count (in detector): 0
Frames dropped due to full buffer in detector: 0
Frames processed by detector: 50
Detector stop indicator set: true
Reported missed detector periods (reported by waitForNextPeriod): 0
Detector first release was scheduled for: 4294970701000001
288583760 4294970701000001 0
388583933 4294970801000001 0
488583666 4294970901000001 0
588583880 4294971001000001 0
688583666 4294971101000001 0
788583733 4294971201000001 0
888583946 4294971301000001 0
988583666 4294971401000001 0
1088583693 4294971501000001 0
1188583906 4294971601000001 0
1288583933 4294971701000001 0
1388584000 4294971801000001 0
1488583693 4294971901000001 0
1588583680 4294972001000001 0
1688583920 4294972101000001 0
1788583906 4294972201000001 0
1888583840 4294972301000001 0
1988583853 4294972401000001 0
2088583666 4294972501000001 0
2188583946 4294972601000001 0
2288583706 4294972701000001 0
2388583933 4294972801000001 0
2488583946 4294972901000001 0
2588583680 4294973001000001 0
2688583986 4294973101000001 0
2788583960 4294973201000001 0
2888583906 4294973301000001 0
2988583693 4294973401000001 0
3088583880 4294973501000001 0
3188584013 4294973601000001 0
3288583746 4294973701000001 0
3388583666 4294973801000001 0
3488583960 4294973901000001 0
3588583946 4294974001000001 0
3688583933 4294974101000001 0
3788584000 4294974201000001 0
3888583733 4294974301000001 0
3988583680 4294974401000001 0
4088583880 4294974501000001 0
4188583666 4294974601000001 0
4288583920 4294974701000001 0
4388584000 4294974801000001 0
4488583893 4294974901000001 0
4588583693 4294975001000001 0
4688583906 4294975101000001 0
4788583720 4294975201000001 0
4888583893 4294975301000001 0
4988583826 4294975401000001 0
5088583866 4294975501000001 0
5188583666 4294975601000001 0
