Detector: detector priority is 6
Detector: detector period is 100
Detector is finished, processed all frames.
Dumping output [ timeBefore timeAfter timeDifference heapFreeBefore heapFreeAfter detectedCollisions suspectedCollisions ] for 50 recorded detector runs, in ns
478027493 483047666 5020173 814832 804800 1 4
578775480 596844346 18068866 804752 772128 1 4
678778013 706419880 27641867 772080 729840 2 24
778771613 798383173 19611560 729792 691888 0 0
879204853 908826173 29621320 691840 646384 3 24
979204746 1009109733 29904987 646336 601184 2 28
1079220986 1096346946 17125960 601136 568128 0 0
1179246760 1197706426 18459666 568080 534816 1 6
1279243360 1297241346 17997986 534768 500128 0 0
1379237413 1397717826 18480413 500080 463808 0 0
1479209013 1498990826 19781813 463760 425856 0 0
1579215906 1598926080 19710174 425808 387904 0 0
1679224693 1697256426 18031733 387856 353216 0 0
1779249933 1794444040 15194107 353168 324448 1 2
1879247520 1895535666 16288146 324400 293024 0 0
1979238880 2007809426 28570546 292976 249104 2 24
2079213533 2116238826 37025293 815232 764016 3 42
2179208893 2196992173 17783280 763968 729328 0 0
2279217480 2303567760 24350280 729280 689600 2 16
2379261160 2397581413 18320253 689552 656288 1 6
2479247160 2497592213 18345053 656240 623104 0 4
2579248133 2597772626 18524493 623056 586784 0 0
2679215733 2698172000 18956267 586736 550464 0 0
2779220706 2797653826 18433120 550416 514144 0 0
2879225120 2898212853 18987733 514096 477824 0 0
2979241880 2997402746 18160866 477776 444640 0 4
3079247640 3098023800 18776160 444592 411328 1 6
3179239840 3203460960 24221120 411280 371600 2 16
3279245226 3298057666 18812440 371552 335280 0 0
3379208093 3412670960 33462867 335232 287568 3 36
3479217493 3507570160 28352667 287520 243648 2 24
3579223400 3596370866 17147466 815232 782224 0 0
3679263306 3694413133 15149827 782176 753456 1 2
3779255186 3796223186 16968000 753408 720400 0 0
3879248466 3897788240 18539774 720352 684080 0 0
3979212826 3999720866 20508040 684032 644496 0 0
4079216866 4098031600 18814734 644448 608176 0 0
4179219826 4196274133 17054307 608128 575120 0 0
4279263360 4298003960 18740600 575072 541808 1 6
4379251680 4396380173 17128493 541760 508752 0 0
4479250306 4509544680 30294374 508704 463552 2 28
4579215280 4608690533 29475253 463504 418048 3 24
4679209306 4698675000 19465694 418000 380096 0 0
4779215480 4807988666 28773186 380048 336176 2 24
4879283493 4896799946 17516453 336128 303504 1 4
4979254906 4997998800 18743894 303456 270192 1 6
5079252280 5096909973 17657693 270144 235504 0 0
5179247773 5199030546 19782773 815232 777328 0 0
5279224906 5298570933 19346027 777280 739376 0 0
5379225080 5398148973 18923893 739328 703056 0 0
Generated frames: 50
Received (and measured) frames: 50
Frame not ready event count (in detector): 0
Frames dropped due to full buffer in detector: 0
Frames processed by detector: 50
Detector stop indicator set: true
Reported missed detector periods (reported by waitForNextPeriod): 0
Detector first release was scheduled for: 4294971101000001
477874880 4294971101000001 0
577874853 4294971201000001 0
677874840 4294971301000001 0
777874773 4294971401000001 0
877874893 4294971501000001 0
977874640 4294971601000001 0
1077874800 4294971701000001 0
1177874773 4294971801000001 0
1277874746 4294971901000001 0
1377874586 4294972001000001 0
1477874920 4294972101000001 0
1577874880 4294972201000001 0
1677874840 4294972301000001 0
1777874880 4294972401000001 0
1877874853 4294972501000001 0
1977874880 4294972601000001 0
2077874800 4294972701000001 0
2177874586 4294972801000001 0
2277874853 4294972901000001 0
2377874800 4294973001000001 0
2477874600 4294973101000001 0
2577874746 4294973201000001 0
2677874613 4294973301000001 0
2777874946 4294973401000001 0
2877874853 4294973501000001 0
2977874786 4294973601000001 0
3077874840 4294973701000001 0
3177874866 4294973801000001 0
3277874853 4294973901000001 0
3377874973 4294974001000001 0
3477874853 4294974101000001 0
3577874586 4294974201000001 0
3677874800 4294974301000001 0
3777874653 4294974401000001 0
3877874586 4294974501000001 0
3977874853 4294974601000001 0
4077874600 4294974701000001 0
4177874840 4294974801000001 0
4277874933 4294974901000001 0
4377874800 4294975001000001 0
4477874826 4294975101000001 0
4577874746 4294975201000001 0
4677874653 4294975301000001 0
4777874746 4294975401000001 0
4877874866 4294975501000001 0
4977874653 4294975601000001 0
5077874786 4294975701000001 0
5177874826 4294975801000001 0
5277874653 4294975901000001 0
5377874586 4294976001000001 0
