Detector: detector priority is 6
Detector: detector period is 100
Detector is finished, processed all frames.
Dumping output [ timeBefore timeAfter timeDifference heapFreeBefore heapFreeAfter detectedCollisions suspectedCollisions ] for 50 recorded detector runs, in ns
288558640 293578853 5020213 814832 804800 1 4
389306786 407376680 18069894 804752 772128 1 4
489309373 516951040 27641667 772080 729840 2 24
589302586 608913520 19610934 729792 691888 0 0
689735960 719357600 29621640 691840 646384 3 24
789736080 819641266 29905186 646336 601184 2 28
889752373 906878253 17125880 601136 568128 0 0
989777720 1008237213 18459493 568080 534816 1 6
1089774493 1107771693 17997200 534768 500128 0 0
1189769013 1208249626 18480613 500080 463808 0 0
1289739840 1309520973 19781133 463760 425856 0 0
1389746493 1409456733 19710240 425808 387904 0 0
1489756173 1507787933 18031760 387856 353216 0 0
1589780840 1604974480 15193640 353168 324448 1 2
1689778400 1706067560 16289160 324400 293024 0 0
1789769586 1818340000 28570414 292976 249104 2 24
1889744880 1926771226 37026346 815232 764016 3 42
1989740253 2007523600 17783347 763968 729328 0 0
2089748800 2114099426 24350626 729280 689600 2 16
2189792160 2208112600 18320440 689552 656288 1 6
2289778546 2308123226 18344680 656240 623104 0 4
2389779413 2408303613 18524200 623056 586784 0 0
2489747053 2508704320 18957267 586736 550464 0 0
2589751546 2608184533 18432987 550416 514144 0 0
2689756160 2708743946 18987786 514096 477824 0 0
2789773440 2807934573 18161133 477776 444640 0 4
2889778733 2908554573 18775840 444592 411328 1 6
2989771040 3013991440 24220400 411280 371600 2 16
3089776266 3108589000 18812734 371552 335280 0 0
3189739213 3223202866 33463653 335232 287568 3 36
3289748440 3318101600 28353160 287520 243648 2 24
3389754586 3406902253 17147667 815232 782224 0 0
3489794426 3504944826 15150400 782176 753456 1 2
3589786253 3606754560 16968307 753408 720400 0 0
3689779920 3708320293 18540373 720352 684080 0 0
3789744373 3810252613 20508240 684032 644496 0 0
3889748226 3908563146 18814920 644448 608176 0 0
3989750600 4006804506 17053906 608128 575120 0 0
4089794600 4108535053 18740453 575072 541808 1 6
4189782453 4206910506 17128053 541760 508752 0 0
4289780840 4320074240 30293400 508704 463552 2 28
4389745973 4419220653 29474680 463504 418048 3 24
4489740293 4509205880 19465587 418000 380096 0 0
4589746146 4618518866 28772720 380048 336176 2 24
4689814586 4707331093 17516507 336128 303504 1 4
4789786280 4808530946 18744666 303456 270192 1 6
4889783160 4907439440 17656280 270144 235504 0 0
4989778600 5009561200 19782600 815232 777328 0 0
5089755760 5109100653 19344893 777280 739376 0 0
5189756160 5208679026 18922866 739328 703056 0 0
Generated frames: 50
Received (and measured) frames: 50
Frame not ready event count (in detector): 0
Frames dropped due to full buffer in detector: 0
Frames processed by detector: 50
Detector stop indicator set: true
Reported missed detector periods (reported by waitForNextPeriod): 0
Detector first release was scheduled for: 4294970701000001
288405986 4294970701000001 0
388406066 4294970801000001 0
488406053 4294970901000001 0
588405760 4294971001000001 0
688405893 4294971101000001 0
788405973 4294971201000001 0
888406026 4294971301000001 0
988405933 4294971401000001 0
1088405960 4294971501000001 0
1188405973 4294971601000001 0
1288406026 4294971701000001 0
1388405746 4294971801000001 0
1488405880 4294971901000001 0
1588405720 4294972001000001 0
1688405920 4294972101000001 0
1788405786 4294972201000001 0
1888406026 4294972301000001 0
1988405946 4294972401000001 0
2088406026 4294972501000001 0
2188406000 4294972601000001 0
2288405960 4294972701000001 0
2388405960 4294972801000001 0
2488405960 4294972901000001 0
2588405920 4294973001000001 0
2688405933 4294973101000001 0
2788406053 4294973201000001 0
2888405960 4294973301000001 0
2988405933 4294973401000001 0
3088406013 4294973501000001 0
3188406013 4294973601000001 0
3288405773 4294973701000001 0
3388405973 4294973801000001 0
3488405906 4294973901000001 0
3588405880 4294974001000001 0
3688405946 4294974101000001 0
3788405893 4294974201000001 0
3888405973 4294974301000001 0
3988405773 4294974401000001 0
4088405960 4294974501000001 0
4188406000 4294974601000001 0
4288405893 4294974701000001 0
4388405960 4294974801000001 0
4488405946 4294974901000001 0
4588405773 4294975001000001 0
4688405880 4294975101000001 0
4788405720 4294975201000001 0
4888405786 4294975301000001 0
4988405893 4294975401000001 0
5088405733 4294975501000001 0
5188406040 4294975601000001 0
