Detector: detector priority is 6
Detector: detector period is 100
Detector is finished, processed all frames.
Dumping output [ timeBefore timeAfter timeDifference heapFreeBefore heapFreeAfter detectedCollisions suspectedCollisions ] for 50 recorded detector runs, in ns
288629026 293649213 5020187 814832 804800 1 4
389377173 407446266 18069093 804752 772128 1 4
489379426 517020613 27641187 772080 729840 2 24
589373346 608984266 19610920 729792 691888 0 0
689806573 719428186 29621613 691840 646384 3 24
789806866 819712493 29905627 646336 601184 2 28
889822720 906949546 17126826 601136 568128 0 0
989848506 1008307960 18459454 568080 534816 1 6
1089844706 1107841413 17996707 534768 500128 0 0
1189839600 1208320026 18480426 500080 463808 0 0
1289810506 1309592213 19781707 463760 425856 0 0
1389817533 1409528146 19710613 425808 387904 0 0
1489826293 1507858480 18032187 387856 353216 0 0
1589851720 1605045520 15193800 353168 324448 1 2
1689848773 1706137800 16289027 324400 293024 0 0
1789840026 1818410520 28570494 292976 249104 2 24
1889815373 1926841573 37026200 815232 764016 3 42
1989810546 2007593613 17783067 763968 729328 0 0
2089818560 2114168573 24350013 729280 689600 2 16
2189862813 2208183413 18320600 689552 656288 1 6
2289848720 2308193400 18344680 656240 623104 0 4
2389849800 2408373680 18523880 623056 586784 0 0
2489817360 2508773573 18956213 586736 550464 0 0
2589822133 2608255453 18433320 550416 514144 0 0
2689826680 2708815093 18988413 514096 477824 0 0
2789843666 2808004640 18160974 477776 444640 0 4
2889848826 2908624813 18775987 444592 411328 1 6
2989841466 3014061933 24220467 411280 371600 2 16
3089846360 3108659080 18812720 371552 335280 0 0
3189809440 3223274093 33464653 335232 287568 3 36
3289818973 3318170306 28351333 287520 243648 2 24
3389824906 3406972226 17147320 815232 782224 0 0
3489865173 3505016026 15150853 782176 753456 1 2
3589857226 3606824573 16967347 753408 720400 0 0
3689850306 3708390080 18539774 720352 684080 0 0
3789814826 3810323466 20508640 684032 644496 0 0
3889818186 3908633453 18815267 644448 608176 0 0
3989821546 4006876453 17054907 608128 575120 0 0
4089865066 4108605640 18740574 575072 541808 1 6
4189853333 4206981920 17128587 541760 508752 0 0
4289851946 4320146360 30294414 508704 463552 2 28
4389816786 4419292026 29475240 463504 418048 3 24
4489810413 4509276520 19466107 418000 380096 0 0
4589817160 4618589986 28772826 380048 336176 2 24
4689885026 4707401480 17516454 336128 303504 1 4
4789857026 4808601560 18744534 303456 270192 1 6
4889853973 4907509946 17655973 270144 235504 0 0
4989849173 5009632040 19782867 815232 777328 0 0
5089826560 5109171533 19344973 777280 739376 0 0
5189826480 5208749613 18923133 739328 703056 0 0
Generated frames: 50
Received (and measured) frames: 50
Frame not ready event count (in detector): 0
Frames dropped due to full buffer in detector: 0
Frames processed by detector: 50
Detector stop indicator set: true
Reported missed detector periods (reported by waitForNextPeriod): 0
Detector first release was scheduled for: 4294970701000001
288476440 4294970701000001 0
388476400 4294970801000001 0
488476213 4294970901000001 0
588476506 4294971001000001 0
688476453 4294971101000001 0
788476453 4294971201000001 0
888476493 4294971301000001 0
988476533 4294971401000001 0
1088476293 4294971501000001 0
1188476426 4294971601000001 0
1288476440 4294971701000001 0
1388476453 4294971801000001 0
1488476266 4294971901000001 0
1588476506 4294972001000001 0
1688476293 4294972101000001 0
1788476226 4294972201000001 0
1888476586 4294972301000001 0
1988476266 4294972401000001 0
2088476293 4294972501000001 0
2188476533 4294972601000001 0
2288476440 4294972701000001 0
2388476546 4294972801000001 0
2488476266 4294972901000001 0
2588476573 4294973001000001 0
2688476506 4294973101000001 0
2788476533 4294973201000001 0
2888476226 4294973301000001 0
2988476400 4294973401000001 0
3088476213 4294973501000001 0
3188476213 4294973601000001 0
3288476266 4294973701000001 0
3388476213 4294973801000001 0
3488476480 4294973901000001 0
3588476520 4294974001000001 0
3688476520 4294974101000001 0
3788476493 4294974201000001 0
3888476213 4294974301000001 0
3988476386 4294974401000001 0
4088476440 4294974501000001 0
4188476466 4294974601000001 0
4288476440 4294974701000001 0
4388476240 4294974801000001 0
4488476373 4294974901000001 0
4588476386 4294975001000001 0
4688476266 4294975101000001 0
4788476413 4294975201000001 0
4888476400 4294975301000001 0
4988476226 4294975401000001 0
5088476440 4294975501000001 0
5188476493 4294975601000001 0
