Detector: detector priority is 6
Detector: detector period is 100
Detector is finished, processed all frames.
Dumping output [ timeBefore timeAfter timeDifference heapFreeBefore heapFreeAfter detectedCollisions suspectedCollisions ] for 50 recorded detector runs, in ns
288767920 293787893 5019973 814832 804800 1 4
389515906 407586040 18070134 804752 772128 1 4
489518200 517158920 27640720 772080 729840 2 24
589511866 609122573 19610707 729792 691888 0 0
689945586 719566733 29621147 691840 646384 3 24
789945173 819851053 29905880 646336 601184 2 28
889961693 907087120 17125427 601136 568128 0 0
989987000 1008446946 18459946 568080 534816 1 6
1089984266 1107982720 17998454 534768 500128 0 0
1189978253 1208458613 18480360 500080 463808 0 0
1289949400 1309731013 19781613 463760 425856 0 0
1389956053 1409667253 19711200 425808 387904 0 0
1489965266 1507997413 18032147 387856 353216 0 0
1589990453 1605185040 15194587 353168 324448 1 2
1689987813 1706276280 16288467 324400 293024 0 0
1789979080 1818550613 28571533 292976 249104 2 24
1889953893 1926979320 37025427 815232 764016 3 42
1989949440 2007732013 17782573 763968 729328 0 0
2089957853 2114307693 24349840 729280 689600 2 16
2190001506 2208322066 18320560 689552 656288 1 6
2289987986 2308333026 18345040 656240 623104 0 4
2389988613 2408513000 18524387 623056 586784 0 0
2489956773 2508912533 18955760 586736 550464 0 0
2589961053 2608394413 18433360 550416 514144 0 0
2689965253 2708952746 18987493 514096 477824 0 0
2789982573 2808143613 18161040 477776 444640 0 4
2889987826 2908763440 18775614 444592 411328 1 6
2989980320 3014201213 24220893 411280 371600 2 16
3089985480 3108798746 18813266 371552 335280 0 0
3189948693 3223411880 33463187 335232 287568 3 36
3289957906 3318310040 28352134 287520 243648 2 24
3389963986 3407112053 17148067 815232 782224 0 0
3490003720 3505153906 15150186 782176 753456 1 2
3589995813 3606963933 16968120 753408 720400 0 0
3689989306 3708529880 18540574 720352 684080 0 0
3789953373 3810462226 20508853 684032 644496 0 0
3889957266 3908772893 18815627 644448 608176 0 0
3989959866 4007014413 17054547 608128 575120 0 0
4090003653 4108744546 18740893 575072 541808 1 6
4189991840 4207119853 17128013 541760 508752 0 0
4289990213 4320283773 30293560 508704 463552 2 28
4389955573 4419430813 29475240 463504 418048 3 24
4489949760 4509415493 19465733 418000 380096 0 0
4589956093 4618728000 28771907 380048 336176 2 24
4690023933 4707540066 17516133 336128 303504 1 4
4789995746 4808739693 18743947 303456 270192 1 6
4889992813 4907650013 17657200 270144 235504 0 0
4989988293 5009770346 19782053 815232 777328 0 0
5089965506 5109310613 19345107 777280 739376 0 0
5189965120 5208888253 18923133 739328 703056 0 0
Generated frames: 50
Received (and measured) frames: 50
Frame not ready event count (in detector): 0
Frames dropped due to full buffer in detector: 0
Frames processed by detector: 50
Detector stop indicator set: true
Reported missed detector periods (reported by waitForNextPeriod): 0
Detector first release was scheduled for: 4294970701000001
288615320 4294970701000001 0
388615253 4294970801000001 0
488615200 4294970901000001 0
588615040 4294971001000001 0
688615266 4294971101000001 0
788615133 4294971201000001 0
888615320 4294971301000001 0
988615280 4294971401000001 0
1088615280 4294971501000001 0
1188615146 4294971601000001 0
1288615346 4294971701000001 0
1388615040 4294971801000001 0
1488615066 4294971901000001 0
1588615066 4294972001000001 0
1688615040 4294972101000001 0
1788615373 4294972201000001 0
1888615240 4294972301000001 0
1988615266 4294972401000001 0
2088615320 4294972501000001 0
2188615320 4294972601000001 0
2288615280 4294972701000001 0
2388615280 4294972801000001 0
2488615293 4294972901000001 0
2588615306 4294973001000001 0
2688615280 4294973101000001 0
2788615320 4294973201000001 0
2888615053 4294973301000001 0
2988615253 4294973401000001 0
3088615386 4294973501000001 0
3188615240 4294973601000001 0
3288615240 4294973701000001 0
3388615053 4294973801000001 0
3488615226 4294973901000001 0
3588615253 4294974001000001 0
3688615240 4294974101000001 0
3788615106 4294974201000001 0
3888615320 4294974301000001 0
3988615293 4294974401000001 0
4088615066 4294974501000001 0
4188615320 4294974601000001 0
4288615346 4294974701000001 0
4388615373 4294974801000001 0
4488615360 4294974901000001 0
4588615240 4294975001000001 0
4688615266 4294975101000001 0
4788615253 4294975201000001 0
4888615266 4294975301000001 0
4988615226 4294975401000001 0
5088615293 4294975501000001 0
5188615146 4294975601000001 0
