Detector: detector priority is 6
Detector: detector period is 100
Detector is finished, processed all frames.
Dumping output [ timeBefore timeAfter timeDifference heapFreeBefore heapFreeAfter detectedCollisions suspectedCollisions ] for 50 recorded detector runs, in ns
287703546 291966213 4262667 815024 808528 1 4
388457400 403561106 15103706 808480 789376 1 4
488460173 512620280 24160107 789328 763424 2 24
588453586 604506853 16053267 763376 741808 0 0
688886213 714659640 25773427 741760 714176 3 24
788886253 815125200 26238947 714128 686336 2 28
888902720 902960973 14058253 686288 667312 0 0
988929013 1004441466 15512453 667264 647648 1 6
1088926653 1103686280 14759627 647600 627760 0 0
1188920960 1204053986 15133026 627712 607008 0 0
1288890733 1305088373 16197640 606960 585392 0 0
1388897626 1405032640 16135014 585344 563776 0 0
1488907226 1503702973 14795747 563728 543888 0 0
1588932346 1601571320 12638974 543840 526976 1 2
1688929746 1702322853 13393107 526928 508816 0 0
1788920906 1813844853 24923947 508768 482000 2 24
1888895546 1921888013 32992467 481952 449760 3 42
1988891146 2003478986 14587840 449712 429872 0 0
2088899346 2109842400 20943054 429824 405968 2 16
2188943880 2204335880 15392000 405920 386304 1 6
2288929706 2304134120 15204414 386256 367408 0 4
2388930773 2404097440 15166667 367360 346656 0 0
2488898226 2504439880 15541654 346608 325904 0 0
2588902320 2603992426 15090106 325856 305152 0 0
2688907146 2704467826 15560680 305104 284400 0 0
2788923973 2803989720 15065747 284352 265504 0 4
2888929986 2904717253 15787267 265456 245840 1 6
2988922280 3009762746 20840466 815296 791440 2 16
3088927706 3104345226 15417520 791392 770688 0 0
3188890026 3218564280 29674254 770640 740848 3 36
3288899466 3313632240 24732774 740800 714032 2 24
3388905640 3402983773 14078133 713984 695008 0 0
3488946480 3501542733 12596253 694960 678096 1 2
3588938600 3602860320 13921720 678048 659072 0 0
3688931866 3704107040 15175174 659024 638320 0 0
3788894946 3805668146 16773200 638272 615840 0 0
3888898946 3904325920 15426974 615792 595088 0 0
3988901240 4002905653 14004413 595040 576064 0 0
4088945826 4104705240 15759414 576016 556400 1 6
4188933560 4203000226 14066666 556352 537376 0 0
4288932146 4315509613 26577467 537328 509536 2 28
4388897360 4414538000 25640640 509488 481904 3 24
4488891306 4504811440 15920134 481856 460288 0 0
4588897466 4613983920 25086454 460240 433472 2 24
4688966040 4703575733 14609693 433424 414320 1 4
4788937466 4804709586 15772120 414272 394656 1 6
4888934666 4903397093 14462427 394608 374768 0 0
4988929973 5005128146 16198173 374720 353152 0 0
5088907386 5104725173 15817787 353104 331536 0 0
5188907053 5204428960 15521907 331488 310784 0 0
Generated frames: 50
Received (and measured) frames: 50
Frame not ready event count (in detector): 0
Frames dropped due to full buffer in detector: 0
Frames processed by detector: 50
Detector stop indicator set: true
Reported missed detector periods (reported by waitForNextPeriod): 0
Detector first release was scheduled for: 4294970701000001
287550853 4294970701000001 0
387550786 4294970801000001 0
487550800 4294970901000001 0
587550746 4294971001000001 0
687550746 4294971101000001 0
787550613 4294971201000001 0
887550733 4294971301000001 0
987550733 4294971401000001 0
1087550786 4294971501000001 0
1187550853 4294971601000001 0
1287550613 4294971701000001 0
1387550773 4294971801000001 0
1487550786 4294971901000001 0
1587550773 4294972001000001 0
1687550840 4294972101000001 0
1787550706 4294972201000001 0
1887550640 4294972301000001 0
1987550800 4294972401000001 0
2087550786 4294972501000001 0
2187550800 4294972601000001 0
2287550826 4294972701000001 0
2387550680 4294972801000001 0
2487550800 4294972901000001 0
2587550640 4294973001000001 0
2687550693 4294973101000001 0
2787550586 4294973201000001 0
2887550666 4294973301000001 0
2987550613 4294973401000001 0
3087550733 4294973501000001 0
3187550626 4294973601000001 0
3287550666 4294973701000001 0
3387550853 4294973801000001 0
3487550773 4294973901000001 0
3587550706 4294974001000001 0
3687550800 4294974101000001 0
3787550853 4294974201000001 0
3887550866 4294974301000001 0
3987550613 4294974401000001 0
4087550853 4294974501000001 0
4187550680 4294974601000001 0
4287550786 4294974701000001 0
4387550853 4294974801000001 0
4487550680 4294974901000001 0
4587550826 4294975001000001 0
4687550746 4294975101000001 0
4787550760 4294975201000001 0
4887550586 4294975301000001 0
4987550786 4294975401000001 0
5087550840 4294975501000001 0
5187550720 4294975601000001 0
