Detector: detector priority is 6
Detector: detector period is 100
Detector is finished, processed all frames.
Dumping output [ timeBefore timeAfter timeDifference heapFreeBefore heapFreeAfter detectedCollisions suspectedCollisions ] for 50 recorded detector runs, in ns
379002893 383265906 4263013 815024 808528 1 4
479756933 494860453 15103520 808480 789376 1 4
579759413 603919253 24159840 789328 763424 2 24
679753146 695805640 16052494 763376 741808 0 0
780185920 805960773 25774853 741760 714176 3 24
880185853 906425840 26239987 714128 686336 2 28
980202026 994260186 14058160 686288 667312 0 0
1080228346 1095741733 15513387 667264 647648 1 6
1180225920 1194985200 14759280 647600 627760 0 0
1280220466 1295353746 15133280 627712 607008 0 0
1380190333 1396387280 16196947 606960 585392 0 0
1480197146 1496332160 16135014 585344 563776 0 0
1580206453 1595003066 14796613 563728 543888 0 0
1680231986 1692870653 12638667 543840 526976 1 2
1780229480 1793622506 13393026 526928 508816 0 0
1880220400 1905143080 24922680 508768 482000 2 24
1980195333 2013187333 32992000 481952 449760 3 42
2080190853 2094777800 14586947 449712 429872 0 0
2180199026 2201142240 20943214 429824 405968 2 16
2280243053 2295634933 15391880 405920 386304 1 6
2380229586 2395434080 15204494 386256 367408 0 4
2480230346 2495397853 15167507 367360 346656 0 0
2580197813 2595739466 15541653 346608 325904 0 0
2680202066 2695291413 15089347 325856 305152 0 0
2780207146 2795767520 15560374 305104 284400 0 0
2880223746 2895289360 15065614 284352 265504 0 4
2980230040 2996016680 15786640 265456 245840 1 6
3080222213 3101062000 20839787 815296 791440 2 16
3180227293 3195644520 15417227 791392 770688 0 0
3280189506 3309863480 29673974 770640 740848 3 36
3380199253 3404931306 24732053 740800 714032 2 24
3480205226 3494283346 14078120 713984 695008 0 0
3580245880 3592842373 12596493 694960 678096 1 2
3680238120 3694160306 13922186 678048 659072 0 0
3780231333 3795407320 15175987 659024 638320 0 0
3880194386 3896966933 16772547 638272 615840 0 0
3980198493 3995625546 15427053 615792 595088 0 0
4080200693 4094206066 14005373 595040 576064 0 0
4180244746 4196003960 15759214 576016 556400 1 6
4280233173 4294299213 14066040 556352 537376 0 0
4380232013 4406809066 26577053 537328 509536 2 28
4480196613 4505837280 25640667 509488 481904 3 24
4580190893 4596110440 15919547 481856 460288 0 0
4680197040 4705284026 25086986 460240 433472 2 24
4780265546 4794875693 14610147 433424 414320 1 4
4880237066 4896009666 15772600 414272 394656 1 6
4980234226 4994696320 14462094 394608 374768 0 0
5080229573 5096427600 16198027 374720 353152 0 0
5180206813 5196024280 15817467 353104 331536 0 0
5280206706 5295728800 15522094 331488 310784 0 0
Generated frames: 50
Received (and measured) frames: 50
Frame not ready event count (in detector): 0
Frames dropped due to full buffer in detector: 0
Frames processed by detector: 50
Detector stop indicator set: true
Reported missed detector periods (reported by waitForNextPeriod): 0
Detector first release was scheduled for: 4294970901000001
378850213 4294970901000001 0
478850240 4294971001000001 0
578850200 4294971101000001 0
678850200 4294971201000001 0
778850240 4294971301000001 0
878850200 4294971401000001 0
978850293 4294971501000001 0
1078850293 4294971601000001 0
1178850213 4294971701000001 0
1278850466 4294971801000001 0
1378850293 4294971901000001 0
1478850240 4294972001000001 0
1578850253 4294972101000001 0
1678850493 4294972201000001 0
1778850320 4294972301000001 0
1878850253 4294972401000001 0
1978850320 4294972501000001 0
2078850346 4294972601000001 0
2178850360 4294972701000001 0
2278850373 4294972801000001 0
2378850413 4294972901000001 0
2478850453 4294973001000001 0
2578850346 4294973101000001 0
2678850360 4294973201000001 0
2778850386 4294973301000001 0
2878850400 4294973401000001 0
2978850360 4294973501000001 0
3078850413 4294973601000001 0
3178850226 4294973701000001 0
3278850360 4294973801000001 0
3378850493 4294973901000001 0
3478850280 4294974001000001 0
3578850213 4294974101000001 0
3678850453 4294974201000001 0
3778850466 4294974301000001 0
3878850240 4294974401000001 0
3978850373 4294974501000001 0
4078850333 4294974601000001 0
4178850333 4294974701000001 0
4278850213 4294974801000001 0
4378850346 4294974901000001 0
4478850360 4294975001000001 0
4578850333 4294975101000001 0
4678850493 4294975201000001 0
4778850226 4294975301000001 0
4878850253 4294975401000001 0
4978850386 4294975501000001 0
5078850360 4294975601000001 0
5178850386 4294975701000001 0
5278850386 4294975801000001 0
