Detector: detector priority is 6
Detector: detector period is 100
Detector is finished, processed all frames.
Dumping output [ timeBefore timeAfter timeDifference heapFreeBefore heapFreeAfter detectedCollisions suspectedCollisions ] for 50 recorded detector runs, in ns
166051466 170393653 4342187 814240 804448 1 4
266800280 282062653 15262373 804352 775776 1 4
366802413 391051333 24248920 775680 738688 2 24
466795213 483036773 16241560 738592 705760 0 0
567230466 593113480 25883014 705664 666016 3 24
667230840 693553213 26322373 665920 626432 2 28
767246866 781498013 14251147 626336 597536 0 0
867272586 882947546 15674960 597440 568288 1 6
967269760 982226960 14957200 568192 538048 0 0
1067263800 1082593240 15329440 537952 506464 0 0
1167234626 1183637746 16403120 506368 473536 0 0
1267241400 1283578920 16337520 473440 440608 0 0
1367250706 1382237413 14986707 440512 410368 0 0
1467275773 1480076400 12800627 410272 384960 1 2
1567273080 1580838426 13565346 384864 357408 0 0
1667264026 1692283453 25019427 357312 318976 2 24
1767239640 1800264533 33024893 318880 274048 3 42
1867233386 1881999240 14765854 273952 243808 0 0
1967242946 1988315506 21072560 814528 779840 2 16
2067286986 2082838440 15551454 779744 750592 1 6
2167273346 2182666106 15392760 750496 721952 0 4
2267274026 2282638693 15364667 721856 690368 0 0
2367242093 2382988360 15746267 690272 658784 0 0
2467246253 2482534093 15287840 658688 627200 0 0
2567250773 2583008480 15757707 627104 595616 0 0
2667267786 2682498920 15231134 595520 566976 0 4
2767273733 2783210960 15937227 566880 537728 1 6
2867264186 2888214560 20950374 537632 502944 2 16
2967270986 2982885293 15614307 502848 471360 0 0
3067233853 3096960266 29726413 471264 429504 3 36
3167243546 3192073746 24830200 429408 391072 2 24
3267249653 3281519933 14270280 390976 362176 0 0
3367289480 3380057280 12767800 362080 336768 1 2
3467281706 3481395453 14113747 336672 307872 0 0
3567274840 3582649560 15374720 307776 276288 0 0
3667238840 3684222466 16983626 276192 242016 0 0
3767242720 3782865786 15623066 814528 783040 0 0
3867245213 3881434293 14189080 782944 754144 0 0
3967289186 3983199986 15910800 754048 724896 1 6
4067277226 4081519106 14241880 724800 696000 0 0
4167275773 4193933626 26657853 695904 656416 2 28
4267241080 4292987533 25746453 656320 616672 3 24
4367235106 4383358000 16122894 616576 583744 0 0
4467241173 4492432600 25191427 583648 545312 2 24
4567309426 4582088400 14778974 545216 516640 1 4
4667280906 4683217226 15936320 516544 487392 1 6
4767278200 4781935600 14657400 487296 457152 0 0
4867273533 4883678573 16405040 457056 424224 0 0
4967250826 4983269960 16019134 424128 391296 0 0
5067250706 5082969120 15718414 391200 359712 0 0
Generated frames: 50
Received (and measured) frames: 50
Frame not ready event count (in detector): 0
Frames dropped due to full buffer in detector: 0
Frames processed by detector: 50
Detector stop indicator set: true
Reported missed detector periods (reported by waitForNextPeriod): 0
Detector first release was scheduled for: 4294970501000001
165898173 4294970501000001 0
265898293 4294970601000001 0
365898106 4294970701000001 0
465898186 4294970801000001 0
565898186 4294970901000001 0
665898226 4294971001000001 0
765898240 4294971101000001 0
865898293 4294971201000001 0
965898213 4294971301000001 0
1065898280 4294971401000001 0
1165898133 4294971501000001 0
1265898240 4294971601000001 0
1365898253 4294971701000001 0
1465898173 4294971801000001 0
1565898186 4294971901000001 0
1665898200 4294972001000001 0
1765898213 4294972101000001 0
1865898173 4294972201000001 0
1965898253 4294972301000001 0
2065898160 4294972401000001 0
2165898146 4294972501000001 0
2265898280 4294972601000001 0
2365898200 4294972701000001 0
2465898200 4294972801000001 0
2565898213 4294972901000001 0
2665898160 4294973001000001 0
2765898266 4294973101000001 0
2865898146 4294973201000001 0
2965898186 4294973301000001 0
3065898240 4294973401000001 0
3165898240 4294973501000001 0
3265898306 4294973601000001 0
3365898240 4294973701000001 0
3465898320 4294973801000001 0
3565898333 4294973901000001 0
3665898280 4294974001000001 0
3765898240 4294974101000001 0
3865898160 4294974201000001 0
3965898160 4294974301000001 0
4065898200 4294974401000001 0
4165898146 4294974501000001 0
4265898320 4294974601000001 0
4365898173 4294974701000001 0
4465898253 4294974801000001 0
4565898213 4294974901000001 0
4665898133 4294975001000001 0
4765898320 4294975101000001 0
4865898173 4294975201000001 0
4965898173 4294975301000001 0
5065898173 4294975401000001 0
