Detector: detector priority is 6
Detector: detector period is 100
Detector is finished, processed all frames.
Dumping output [ timeBefore timeAfter timeDifference heapFreeBefore heapFreeAfter detectedCollisions suspectedCollisions ] for 50 recorded detector runs, in ns
287499906 291762653 4262747 815024 808528 1 4
388254053 403357840 15103787 808480 789376 1 4
488256733 512416546 24159813 789328 763424 2 24
588250066 604302906 16052840 763376 741808 0 0
688682626 714457146 25774520 741760 714176 3 24
788682893 814923160 26240267 714128 686336 2 28
888698880 902756933 14058053 686288 667312 0 0
988725546 1004237906 15512360 667264 647648 1 6
1088723000 1103482493 14759493 647600 627760 0 0
1188717426 1203850760 15133334 627712 607008 0 0
1288687320 1304884453 16197133 606960 585392 0 0
1388694133 1404829133 16135000 585344 563776 0 0
1488703586 1503498880 14795294 563728 543888 0 0
1588728760 1601367400 12638640 543840 526976 1 2
1688726320 1702119013 13392693 526928 508816 0 0
1788717120 1813641453 24924333 508768 482000 2 24
1888692106 1921683333 32991227 481952 449760 3 42
1988687626 2003274506 14586880 449712 429872 0 0
2088695720 2109638200 20942480 429824 405968 2 16
2188740306 2204132560 15392254 405920 386304 1 6
2288726146 2303930013 15203867 386256 367408 0 4
2388727133 2403893706 15166573 367360 346656 0 0
2488694666 2504235853 15541187 346608 325904 0 0
2588699173 2603790226 15091053 325856 305152 0 0
2688703506 2704264906 15561400 305104 284400 0 0
2788720573 2803786080 15065507 284352 265504 0 4
2888726506 2904513346 15786840 265456 245840 1 6
2988718853 3009559133 20840280 815296 791440 2 16
3088724306 3104141813 15417507 791392 770688 0 0
3188686866 3218361560 29674694 770640 740848 3 36
3288695893 3313427160 24731267 740800 714032 2 24
3388702226 3402778733 14076507 713984 695008 0 0
3488742640 3501339160 12596520 694960 678096 1 2
3588734933 3602657093 13922160 678048 659072 0 0
3688728520 3703903826 15175306 659024 638320 0 0
3788691693 3805464360 16772667 638272 615840 0 0
3888695413 3904121653 15426240 615792 595088 0 0
3988698306 4002703000 14004694 595040 576064 0 0
4088742026 4104501053 15759027 576016 556400 1 6
4188730293 4202795986 14065693 556352 537376 0 0
4288728853 4315306080 26577227 537328 509536 2 28
4388693693 4414333986 25640293 509488 481904 3 24
4488687866 4504607613 15919747 481856 460288 0 0
4588693746 4613781813 25088067 460240 433472 2 24
4688761720 4703372693 14610973 433424 414320 1 4
4788733746 4804506146 15772400 414272 394656 1 6
4888731760 4903193760 14462000 394608 374768 0 0
4988726613 5004924253 16197640 374720 353152 0 0
5088703813 5104521960 15818147 353104 331536 0 0
5188703680 5204225600 15521920 331488 310784 0 0
Generated frames: 50
Received (and measured) frames: 50
Frame not ready event count (in detector): 0
Frames dropped due to full buffer in detector: 0
Frames processed by detector: 50
Detector stop indicator set: true
Reported missed detector periods (reported by waitForNextPeriod): 0
Detector first release was scheduled for: 4294970701000001
287347186 4294970701000001 0
387347346 4294970801000001 0
487347280 4294970901000001 0
587347186 4294971001000001 0
687347293 4294971101000001 0
787347173 4294971201000001 0
887347213 4294971301000001 0
987347160 4294971401000001 0
1087347226 4294971501000001 0
1187347386 4294971601000001 0
1287347333 4294971701000001 0
1387347213 4294971801000001 0
1487347346 4294971901000001 0
1587347280 4294972001000001 0
1687347346 4294972101000001 0
1787347120 4294972201000001 0
1887347226 4294972301000001 0
1987347213 4294972401000001 0
2087347160 4294972501000001 0
2187347440 4294972601000001 0
2287347120 4294972701000001 0
2387347146 4294972801000001 0
2487347160 4294972901000001 0
2587347306 4294973001000001 0
2687347360 4294973101000001 0
2787347226 4294973201000001 0
2887347213 4294973301000001 0
2987347280 4294973401000001 0
3087347346 4294973501000001 0
3187347360 4294973601000001 0
3287347146 4294973701000001 0
3387347213 4294973801000001 0
3487347146 4294973901000001 0
3587347333 4294974001000001 0
3687347293 4294974101000001 0
3787347386 4294974201000001 0
3887347333 4294974301000001 0
3987347360 4294974401000001 0
4087347213 4294974501000001 0
4187347346 4294974601000001 0
4287347200 4294974701000001 0
4387347266 4294974801000001 0
4487347226 4294974901000001 0
4587347173 4294975001000001 0
4687347293 4294975101000001 0
4787347240 4294975201000001 0
4887347346 4294975301000001 0
4987347346 4294975401000001 0
5087347213 4294975501000001 0
5187347306 4294975601000001 0
