Detector: detector priority is 6
Detector: detector period is 100
Detector is finished, processed all frames.
Dumping output [ timeBefore timeAfter timeDifference heapFreeBefore heapFreeAfter detectedCollisions suspectedCollisions ] for 50 recorded detector runs, in ns
165870533 170214280 4343747 814240 804448 1 4
266619053 281881480 15262427 804352 775776 1 4
366621626 390868853 24247227 775680 738688 2 24
466614200 482855693 16241493 738592 705760 0 0
567049600 592933400 25883800 705664 666016 3 24
667049746 693371253 26321507 665920 626432 2 28
767065893 781316613 14250720 626336 597536 0 0
867091293 882766453 15675160 597440 568288 1 6
967088240 982045920 14957680 568192 538048 0 0
1067083213 1082412120 15328907 537952 506464 0 0
1167054120 1183457906 16403786 506368 473536 0 0
1267060386 1283397613 16337227 473440 440608 0 0
1367069733 1382056253 14986520 440512 410368 0 0
1467094826 1479894453 12799627 410272 384960 1 2
1567092093 1580656200 13564107 384864 357408 0 0
1667083613 1692103146 25019533 357312 318976 2 24
1767058560 1800082426 33023866 318880 274048 3 42
1867052466 1881818320 14765854 273952 243808 0 0
1967062293 1988134760 21072467 814528 779840 2 16
2067106280 2082659280 15553000 779744 750592 1 6
2167091866 2182485160 15393294 750496 721952 0 4
2267093253 2282457306 15364053 721856 690368 0 0
2367061066 2382807426 15746360 690272 658784 0 0
2467065400 2482353080 15287680 658688 627200 0 0
2567069733 2582828093 15758360 627104 595616 0 0
2667086373 2682317613 15231240 595520 566976 0 4
2767092693 2783030453 15937760 566880 537728 1 6
2867083253 2888026280 20943027 537632 502944 2 16
2967090186 2982704173 15613987 502848 471360 0 0
3067053013 3096778853 29725840 471264 429504 3 36
3167062520 3191892466 24829946 429408 391072 2 24
3267068466 3281339506 14271040 390976 362176 0 0
3367108213 3379876986 12768773 362080 336768 1 2
3467100560 3481213786 14113226 336672 307872 0 0
3567093706 3582468440 15374734 307776 276288 0 0
3667057906 3684041906 16984000 276192 242016 0 0
3767061906 3782684426 15622520 814528 783040 0 0
3867064440 3881253906 14189466 782944 754144 0 0
3967108213 3983018040 15909827 754048 724896 1 6
4067096280 4081337480 14241200 724800 696000 0 0
4167094906 4193752840 26657934 695904 656416 2 28
4267060186 4292807026 25746840 656320 616672 3 24
4367054080 4383176706 16122626 616576 583744 0 0
4467060373 4492252226 25191853 583648 545312 2 24
4567128440 4581907760 14779320 545216 516640 1 4
4667100200 4683036160 15935960 516544 487392 1 6
4767097520 4781753720 14656200 487296 457152 0 0
4867092626 4883498120 16405494 457056 424224 0 0
4967069826 4983088560 16018734 424128 391296 0 0
5067069906 5082788520 15718614 391200 359712 0 0
Generated frames: 50
Received (and measured) frames: 50
Frame not ready event count (in detector): 0
Frames dropped due to full buffer in detector: 0
Frames processed by detector: 50
Detector stop indicator set: true
Reported missed detector periods (reported by waitForNextPeriod): 0
Detector first release was scheduled for: 4294970501000001
165717240 4294970501000001 0
265717280 4294970601000001 0
365717173 4294970701000001 0
465717173 4294970801000001 0
565717226 4294970901000001 0
665717266 4294971001000001 0
765717386 4294971101000001 0
865717306 4294971201000001 0
965717253 4294971301000001 0
1065717306 4294971401000001 0
1165717266 4294971501000001 0
1265717333 4294971601000001 0
1365717253 4294971701000001 0
1465717306 4294971801000001 0
1565717226 4294971901000001 0
1665717213 4294972001000001 0
1765717213 4294972101000001 0
1865717253 4294972201000001 0
1965717306 4294972301000001 0
2065717306 4294972401000001 0
2165717213 4294972501000001 0
2265717306 4294972601000001 0
2365717306 4294972701000001 0
2465717226 4294972801000001 0
2565717240 4294972901000001 0
2665717200 4294973001000001 0
2765717346 4294973101000001 0
2865717213 4294973201000001 0
2965717240 4294973301000001 0
3065717293 4294973401000001 0
3165717173 4294973501000001 0
3265717253 4294973601000001 0
3365717346 4294973701000001 0
3465717440 4294973801000001 0
3565717280 4294973901000001 0
3665717280 4294974001000001 0
3765717346 4294974101000001 0
3865717173 4294974201000001 0
3965717346 4294974301000001 0
4065717293 4294974401000001 0
4165717200 4294974501000001 0
4265717320 4294974601000001 0
4365717346 4294974701000001 0
4465717306 4294974801000001 0
4565717320 4294974901000001 0
4665717333 4294975001000001 0
4765717346 4294975101000001 0
4865717320 4294975201000001 0
4965717200 4294975301000001 0
5065717186 4294975401000001 0
