Detector: detector priority is 6
Detector: detector period is 100
Detector is finished, processed all frames.
Dumping output [ timeBefore timeAfter timeDifference heapFreeBefore heapFreeAfter detectedCollisions suspectedCollisions ] for 50 recorded detector runs, in ns
285815160 290078040 4262880 815024 808528 1 4
386568893 401670960 15102067 808480 789376 1 4
486571653 510732026 24160373 789328 763424 2 24
586565306 602618213 16052907 763376 741808 0 0
686997933 712771933 25774000 741760 714176 3 24
786998040 813238066 26240026 714128 686336 2 28
887014026 901072893 14058867 686288 667312 0 0
987040773 1002553720 15512947 667264 647648 1 6
1087038306 1101796400 14758094 647600 627760 0 0
1187032413 1202166026 15133613 627712 607008 0 0
1287002426 1303199440 16197014 606960 585392 0 0
1387009293 1403143613 16134320 585344 563776 0 0
1487018626 1501814200 14795574 563728 543888 0 0
1587043720 1599682213 12638493 543840 526976 1 2
1687041306 1700433706 13392400 526928 508816 0 0
1787032693 1811956733 24924040 508768 482000 2 24
1887007173 1919998546 32991373 481952 449760 3 42
1987002373 2001590000 14587627 449712 429872 0 0
2087011000 2107953986 20942986 429824 405968 2 16
2187055320 2202446600 15391280 405920 386304 1 6
2287041066 2302245320 15204254 386256 367408 0 4
2387042106 2402208760 15166654 367360 346656 0 0
2487009706 2502551386 15541680 346608 325904 0 0
2587014240 2602104813 15090573 325856 305152 0 0
2687018720 2702578426 15559706 305104 284400 0 0
2787036013 2802102053 15066040 284352 265504 0 4
2887041386 2902827733 15786347 265456 245840 1 6
2987034186 3007874146 20839960 815296 791440 2 16
3087039226 3102456360 15417134 791392 770688 0 0
3187001653 3216675600 29673947 770640 740848 3 36
3287011200 3311744280 24733080 740800 714032 2 24
3387017053 3401095386 14078333 713984 695008 0 0
3487057973 3499654933 12596960 694960 678096 1 2
3587049920 3600971933 13922013 678048 659072 0 0
3687043413 3702218533 15175120 659024 638320 0 0
3787006586 3803780013 16773427 638272 615840 0 0
3887010413 3902437066 15426653 615792 595088 0 0
3987013000 4001017760 14004760 595040 576064 0 0
4087057320 4102816400 15759080 576016 556400 1 6
4187045280 4201112013 14066733 556352 537376 0 0
4287043773 4313621826 26578053 537328 509536 2 28
4387008586 4412648773 25640187 509488 481904 3 24
4487002520 4502923133 15920613 481856 460288 0 0
4587008680 4612095840 25087160 460240 433472 2 24
4687077773 4701687680 14609907 433424 414320 1 4
4787049520 4802821506 15771986 414272 394656 1 6
4887046200 4901509240 14463040 394608 374768 0 0
4987041493 5003239586 16198093 374720 353152 0 0
5087018680 5102835973 15817293 353104 331536 0 0
5187018733 5202540453 15521720 331488 310784 0 0
Generated frames: 50
Received (and measured) frames: 50
Frame not ready event count (in detector): 0
Frames dropped due to full buffer in detector: 0
Frames processed by detector: 50
Detector stop indicator set: true
Reported missed detector periods (reported by waitForNextPeriod): 0
Detector first release was scheduled for: 4294970701000001
285662426 4294970701000001 0
385662173 4294970801000001 0
485662346 4294970901000001 0
585662173 4294971001000001 0
685662240 4294971101000001 0
785662373 4294971201000001 0
885662280 4294971301000001 0
985662360 4294971401000001 0
1085662493 4294971501000001 0
1185662360 4294971601000001 0
1285662426 4294971701000001 0
1385662386 4294971801000001 0
1485662346 4294971901000001 0
1585662306 4294972001000001 0
1685662306 4294972101000001 0
1785662306 4294972201000001 0
1885662240 4294972301000001 0
1985662160 4294972401000001 0
2085662400 4294972501000001 0
2185662373 4294972601000001 0
2285662200 4294972701000001 0
2385662266 4294972801000001 0
2485662213 4294972901000001 0
2585662373 4294973001000001 0
2685662333 4294973101000001 0
2785662400 4294973201000001 0
2885662200 4294973301000001 0
2985662413 4294973401000001 0
3085662320 4294973501000001 0
3185662240 4294973601000001 0
3285662266 4294973701000001 0
3385662226 4294973801000001 0
3485662173 4294973901000001 0
3585662333 4294974001000001 0
3685662386 4294974101000001 0
3785662386 4294974201000001 0
3885662226 4294974301000001 0
3985662266 4294974401000001 0
4085662320 4294974501000001 0
4185662373 4294974601000001 0
4285662266 4294974701000001 0
4385662200 4294974801000001 0
4485662160 4294974901000001 0
4585662306 4294975001000001 0
4685662360 4294975101000001 0
4785662400 4294975201000001 0
4885662253 4294975301000001 0
4985662213 4294975401000001 0
5085662160 4294975501000001 0
5185662306 4294975601000001 0
