Detector: detector priority is 6
Detector: detector period is 100
Detector is finished, processed all frames.
Dumping output [ timeBefore timeAfter timeDifference heapFreeBefore heapFreeAfter detectedCollisions suspectedCollisions ] for 50 recorded detector runs, in ns
286341693 290604493 4262800 815024 808528 1 4
387095680 402198826 15103146 808480 789376 1 4
487098200 511257493 24159293 789328 763424 2 24
587091973 603144920 16052947 763376 741808 0 0
687524600 713299106 25774506 741760 714176 3 24
787524640 813764666 26240026 714128 686336 2 28
887541000 901599053 14058053 686288 667312 0 0
987567146 1003080533 15513387 667264 647648 1 6
1087564760 1102323786 14759026 647600 627760 0 0
1187559160 1202692013 15132853 627712 607008 0 0
1287529133 1303725973 16196840 606960 585392 0 0
1387535866 1403670666 16134800 585344 563776 0 0
1487544773 1502340306 14795533 563728 543888 0 0
1587570560 1600208933 12638373 543840 526976 1 2
1687567786 1700960200 13392414 526928 508816 0 0
1787559333 1812484520 24925187 508768 482000 2 24
1887533920 1920525786 32991866 481952 449760 3 42
1987529293 2002116480 14587187 449712 429872 0 0
2087537413 2108480786 20943373 429824 405968 2 16
2187581840 2202973333 15391493 405920 386304 1 6
2287567693 2302772306 15204613 386256 367408 0 4
2387568786 2402735613 15166827 367360 346656 0 0
2487536240 2503078106 15541866 346608 325904 0 0
2587540813 2602631706 15090893 325856 305152 0 0
2687545320 2703106146 15560826 305104 284400 0 0
2787562626 2802628586 15065960 284352 265504 0 4
2887568240 2903355293 15787053 265456 245840 1 6
2987560733 3008401680 20840947 815296 791440 2 16
3087565733 3102982653 15416920 791392 770688 0 0
3187528373 3217202146 29673773 770640 740848 3 36
3287537546 3312270413 24732867 740800 714032 2 24
3387543840 3401621946 14078106 713984 695008 0 0
3487584653 3500180893 12596240 694960 678096 1 2
3587576440 3601497840 13921400 678048 659072 0 0
3687569813 3702745720 15175907 659024 638320 0 0
3787533320 3804306906 16773586 638272 615840 0 0
3887536946 3902963973 15427027 615792 595088 0 0
3987539346 4001544693 14005347 595040 576064 0 0
4087583586 4103343013 15759427 576016 556400 1 6
4187571640 4201637240 14065600 556352 537376 0 0
4287570813 4314148173 26577360 537328 509536 2 28
4387535320 4413175200 25639880 509488 481904 3 24
4487529666 4503448653 15918987 481856 460288 0 0
4587535333 4612622973 25087640 460240 433472 2 24
4687604280 4702214720 14610440 433424 414320 1 4
4787575840 4803347813 15771973 414272 394656 1 6
4887572960 4902035400 14462440 394608 374768 0 0
4987568400 5003766906 16198506 374720 353152 0 0
5087545386 5103362573 15817187 353104 331536 0 0
5187545480 5203067453 15521973 331488 310784 0 0
Generated frames: 50
Received (and measured) frames: 50
Frame not ready event count (in detector): 0
Frames dropped due to full buffer in detector: 0
Frames processed by detector: 50
Detector stop indicator set: true
Reported missed detector periods (reported by waitForNextPeriod): 0
Detector first release was scheduled for: 4294970701000001
286189000 4294970701000001 0
386188960 4294970801000001 0
486188973 4294970901000001 0
586188840 4294971001000001 0
686188906 4294971101000001 0
786188986 4294971201000001 0
886188853 4294971301000001 0
986188933 4294971401000001 0
1086188853 4294971501000001 0
1186188880 4294971601000001 0
1286188826 4294971701000001 0
1386188960 4294971801000001 0
1486188866 4294971901000001 0
1586188906 4294972001000001 0
1686189000 4294972101000001 0
1786188906 4294972201000001 0
1886189026 4294972301000001 0
1986189040 4294972401000001 0
2086188986 4294972501000001 0
2186189106 4294972601000001 0
2286188853 4294972701000001 0
2386189000 4294972801000001 0
2486189066 4294972901000001 0
2586188933 4294973001000001 0
2686188906 4294973101000001 0
2786188893 4294973201000001 0
2886188893 4294973301000001 0
2986189013 4294973401000001 0
3086188933 4294973501000001 0
3186188906 4294973601000001 0
3286189013 4294973701000001 0
3386189146 4294973801000001 0
3486188973 4294973901000001 0
3586188946 4294974001000001 0
3686188866 4294974101000001 0
3786188986 4294974201000001 0
3886189026 4294974301000001 0
3986188826 4294974401000001 0
4086189013 4294974501000001 0
4186189040 4294974601000001 0
4286188920 4294974701000001 0
4386188813 4294974801000001 0
4486189013 4294974901000001 0
4586188893 4294975001000001 0
4686189040 4294975101000001 0
4786188920 4294975201000001 0
4886189093 4294975301000001 0
4986189026 4294975401000001 0
5086189080 4294975501000001 0
5186189040 4294975601000001 0
