Detector: detector priority is 6
Detector: detector period is 100
Detector is finished, processed all frames.
Dumping output [ timeBefore timeAfter timeDifference heapFreeBefore heapFreeAfter detectedCollisions suspectedCollisions ] for 50 recorded detector runs, in ns
2718375360 2722703520 4328160 814240 804448 1 4
2819122360 2834304973 15182613 804352 775776 1 4
2919124720 2943300320 24175600 775680 738688 2 24
3019118506 3035261680 16143174 738592 705760 0 0
3119552880 3145344720 25791840 705664 666016 3 24
3219552733 3245793960 26241227 665920 626432 2 28
3319569186 3333714813 14145627 626336 597536 0 0
3419594653 3435172200 15577547 597440 568288 1 6
3519591440 3534440346 14848906 568192 538048 0 0
3619586173 3634806946 15220773 537952 506464 0 0
3719556546 3735842746 16286200 506368 473536 0 0
3819563426 3835791453 16228027 473440 440608 0 0
3919572853 3934458653 14885800 440512 410368 0 0
4019597973 4032317373 12719400 410272 384960 1 2
4119595306 4133079280 13483974 384864 357408 0 0
4219586600 4244528506 24941906 357312 318976 2 24
4319561866 4352514053 32952187 318880 274048 3 42
4419557240 4434231200 14673960 273952 243808 0 0
4519565626 4540542893 20977267 814528 779840 2 16
4619609333 4635067133 15457800 779744 750592 1 6
4719595293 4734883640 15288347 750496 721952 0 4
4819596293 4834852186 15255893 721856 690368 0 0
4919564053 4935197880 15633827 690272 658784 0 0
5019568586 5034747453 15178867 658688 627200 0 0
5119573240 5135226386 15653146 627104 595616 0 0
5219590306 5234740106 15149800 595520 566976 0 4
5319595746 5335455866 15860120 566880 537728 1 6
5419587866 5440463040 20875174 537632 502944 2 16
5519593253 5535103000 15509747 502848 471360 0 0
5619556226 5649208293 29652067 471264 429504 3 36
5719565360 5744310720 24745360 429408 391072 2 24
5819571400 5833737613 14166213 390976 362176 0 0
5919610866 5932284493 12673627 362080 336768 1 2
6019603320 6033613480 14010160 336672 307872 0 0
6119596560 6134860080 15263520 307776 276288 0 0
6219560880 6236424560 16863680 276192 242016 0 0
6319564826 6335082453 15517627 814528 783040 0 0
6419567360 6433660400 14093040 782944 754144 0 0
6519611373 6535440826 15829453 754048 724896 1 6
6619599240 6633757026 14157786 724800 696000 0 0
6719597866 6746179040 26581174 695904 656416 2 28
6819563413 6845221093 25657680 656320 616672 3 24
6919557320 6935568386 16011066 616576 583744 0 0
7019563520 7044666826 25103306 583648 545312 2 24
7119631253 7134313360 14682107 545216 516640 1 4
7219603106 7235443346 15840240 516544 487392 1 6
7319600760 7334149680 14548920 487296 457152 0 0
7419595933 7435886520 16290587 457056 424224 0 0
7519573106 7535479293 15906187 424128 391296 0 0
7619573053 7635186600 15613547 391200 359712 0 0
Generated frames: 50
Received (and measured) frames: 50
Frame not ready event count (in detector): 0
Frames dropped due to full buffer in detector: 0
Frames processed by detector: 50
Detector stop indicator set: true
Reported missed detector periods (reported by waitForNextPeriod): 0
Detector first release was scheduled for: 4294975701000001
2718223586 4294975701000001 0
2818223653 4294975801000001 0
2918223573 4294975901000001 0
3018223626 4294976001000001 0
3118223813 4294976101000001 0
3218223626 4294976201000001 0
3318223813 4294976301000001 0
3418223760 4294976401000001 0
3518223573 4294976501000001 0
3618223933 4294976601000001 0
3718223560 4294976701000001 0
3818223640 4294976801000001 0
3918223786 4294976901000001 0
4018223840 4294977001000001 0
4118223840 4294977101000001 0
4218223920 4294977201000001 0
4318223880 4294977301000001 0
4418223786 4294977401000001 0
4518223840 4294977501000001 0
4618223853 4294977601000001 0
4718223920 4294977701000001 0
4818223866 4294977801000001 0
4918223893 4294977901000001 0
5018223853 4294978001000001 0
5118223986 4294978101000001 0
5218223800 4294978201000001 0
5318223813 4294978301000001 0
5418223626 4294978401000001 0
5518223573 4294978501000001 0
5618223746 4294978601000001 0
5718223560 4294978701000001 0
5818223800 4294978801000001 0
5918223866 4294978901000001 0
6018223880 4294979001000001 0
6118223613 4294979101000001 0
6218223746 4294979201000001 0
6318223733 4294979301000001 0
6418223586 4294979401000001 0
6518223893 4294979501000001 0
6618223626 4294979601000001 0
6718223640 4294979701000001 0
6818223613 4294979801000001 0
6918223760 4294979901000001 0
7018223800 4294980001000001 0
7118223786 4294980101000001 0
7218223866 4294980201000001 0
7318223813 4294980301000001 0
7418223840 4294980401000001 0
7518223773 4294980501000001 0
7618223866 4294980601000001 0
