Detector: detector priority is 6
Detector: detector period is 100
Detector is finished, processed all frames.
Dumping output [ timeBefore timeAfter timeDifference heapFreeBefore heapFreeAfter detectedCollisions suspectedCollisions ] for 50 recorded detector runs, in ns
489707746 494035106 4327360 814240 804448 1 4
590454546 605637200 15182654 804352 775776 1 4
690457080 714632253 24175173 775680 738688 2 24
790450640 806594893 16144253 738592 705760 0 0
890885373 916675706 25790333 705664 666016 3 24
990885120 1017125760 26240640 665920 626432 2 28
1090901066 1105047573 14146507 626336 597536 0 0
1190926746 1206504160 15577414 597440 568288 1 6
1290923866 1305772480 14848614 568192 538048 0 0
1390918186 1406138786 15220600 537952 506464 0 0
1490889026 1507175826 16286800 506368 473536 0 0
1590895626 1607124320 16228694 473440 440608 0 0
1690905306 1705790613 14885307 440512 410368 0 0
1790929760 1803648546 12718786 410272 384960 1 2
1890927693 1904412306 13484613 384864 357408 0 0
1990918773 2015859600 24940827 357312 318976 2 24
2090893666 2123844853 32951187 318880 274048 3 42
2190889253 2205564186 14674933 273952 243808 0 0
2290897680 2311875880 20978200 814528 779840 2 16
2390941146 2406399280 15458134 779744 750592 1 6
2490927546 2506215626 15288080 750496 721952 0 4
2590928426 2606184680 15256254 721856 690368 0 0
2690896600 2706529680 15633080 690272 658784 0 0
2790900720 2806079280 15178560 658688 627200 0 0
2890904973 2906558453 15653480 627104 595616 0 0
2990922280 3006072653 15150373 595520 566976 0 4
3090927240 3106786920 15859680 566880 537728 1 6
3190920333 3211794626 20874293 537632 502944 2 16
3290925173 3306434706 15509533 502848 471360 0 0
3390888280 3420538600 29650320 471264 429504 3 36
3490897626 3515643080 24745454 429408 391072 2 24
3590903560 3605068866 14165306 390976 362176 0 0
3690943720 3703617093 12673373 362080 336768 1 2
3790935333 3804946200 14010867 336672 307872 0 0
3890928786 3906191853 15263067 307776 276288 0 0
3990893386 4007756720 16863334 276192 242016 0 0
4090897133 4106414613 15517480 814528 783040 0 0
4190899693 4204992506 14092813 782944 754144 0 0
4290943240 4306773853 15830613 754048 724896 1 6
4390931973 4405090693 14158720 724800 696000 0 0
4490930546 4517513573 26583027 695904 656416 2 28
4590895480 4616553973 25658493 656320 616672 3 24
4690889680 4706901173 16011493 616576 583744 0 0
4790895786 4815999853 25104067 583648 545312 2 24
4890963533 4905645720 14682187 545216 516640 1 4
4990935453 5006775906 15840453 516544 487392 1 6
5090932853 5105482440 14549587 487296 457152 0 0
5190927800 5207219320 16291520 457056 424224 0 0
5290905280 5306812440 15907160 424128 391296 0 0
5390905373 5406519720 15614347 391200 359712 0 0
Generated frames: 50
Received (and measured) frames: 50
Frame not ready event count (in detector): 0
Frames dropped due to full buffer in detector: 0
Frames processed by detector: 50
Detector stop indicator set: true
Reported missed detector periods (reported by waitForNextPeriod): 0
Detector first release was scheduled for: 4294971101000001
489555960 4294971101000001 0
589555813 4294971201000001 0
689555813 4294971301000001 0
789555760 4294971401000001 0
889555973 4294971501000001 0
989555826 4294971601000001 0
1089555800 4294971701000001 0
1189555933 4294971801000001 0
1289556053 4294971901000001 0
1389556040 4294972001000001 0
1489555973 4294972101000001 0
1589555773 4294972201000001 0
1689555986 4294972301000001 0
1789555786 4294972401000001 0
1889556000 4294972501000001 0
1989555826 4294972601000001 0
2089555773 4294972701000001 0
2189556000 4294972801000001 0
2289555933 4294972901000001 0
2389555760 4294973001000001 0
2489555880 4294973101000001 0
2589556053 4294973201000001 0
2689556080 4294973301000001 0
2789555813 4294973401000001 0
2889555786 4294973501000001 0
2989555760 4294973601000001 0
3089556000 4294973701000001 0
3189556026 4294973801000001 0
3289555840 4294973901000001 0
3389556000 4294974001000001 0
3489555786 4294974101000001 0
3589555760 4294974201000001 0
3689556026 4294974301000001 0
3789556000 4294974401000001 0
3889555773 4294974501000001 0
3989555960 4294974601000001 0
4089556053 4294974701000001 0
4189555986 4294974801000001 0
4289555973 4294974901000001 0
4389556053 4294975001000001 0
4489556080 4294975101000001 0
4589556013 4294975201000001 0
4689556000 4294975301000001 0
4789555973 4294975401000001 0
4889555960 4294975501000001 0
4989556093 4294975601000001 0
5089555960 4294975701000001 0
5189555760 4294975801000001 0
5289555920 4294975901000001 0
5389555986 4294976001000001 0
