Detector: detector priority is 6
Detector: detector period is 100
Detector is finished, processed all frames.
Dumping output [ timeBefore timeAfter timeDifference heapFreeBefore heapFreeAfter detectedCollisions suspectedCollisions ] for 50 recorded detector runs, in ns
544214000 549240546 5026546 813920 797120 1 4
644964960 662967866 18002906 797024 741472 1 4
744967106 772619480 27652374 741376 671776 2 24
844960720 864570160 19609440 671680 606240 0 0
945393840 974991946 29598106 606144 530816 3 24
1045394106 1075350906 29956800 530720 456576 2 28
1145410160 1162510360 17100200 456480 399680 0 0
1245436146 1263907573 18471427 399584 343200 1 6
1345433133 1363402560 17969427 343104 283424 0 0
1445427773 1463962800 18535027 283328 220768 0 0
1545398093 1565148360 19750267 220672 155232 0 0
1645405133 1665098186 19693053 814432 748992 0 0
1745414560 1763420880 18006320 748896 689216 0 0
1845439440 1860637160 15197720 689120 640160 1 2
1945436813 1961701733 16264920 640064 586144 0 0
2045427680 2074006373 28578693 586048 513568 2 24
2145403200 2182408826 37005626 513472 430656 3 42
2245398760 2263201333 17802573 430560 370880 0 0
2345406960 2369737613 24330653 370784 304512 2 16
2445450560 2463809026 18358466 304416 248032 1 6
2545436280 2563742426 18306146 247936 190880 0 4
2645437986 2664005253 18567267 814432 751872 0 0
2745405546 2764312906 18907360 751776 689216 0 0
2845409800 2863901706 18491906 689120 626560 0 0
2945414560 2964355026 18940466 626464 563904 0 0
3045431520 3063605573 18174053 563808 506752 0 4
3145437040 3164167133 18730093 506656 450272 1 6
3245429680 3269659853 24230173 450176 383904 2 16
3345434866 3364235320 18800454 383808 321248 0 0
3445397493 3478855240 33457747 321152 243712 3 36
3545406693 3573806400 28399707 814432 741952 2 24
3645413053 3662531200 17118147 741856 685056 0 0
3745453173 3760610080 15156907 684960 636000 1 2
3845444906 3862417946 16973040 635904 579104 0 0
3945438346 3964018413 18580067 579008 516448 0 0
4045402586 4065907133 20504547 516352 448032 0 0
4145406000 4164211306 18805306 447936 385376 0 0
4245409026 4262460040 17051014 385280 328480 0 0
4345452773 4364158240 18705467 328384 272000 1 6
4445440600 4462551533 17110933 271904 215104 0 0
4545439093 4575718133 30279040 215008 140864 2 28
4645404200 4674862493 29458293 814432 739104 3 24
4745398960 4764890453 19491493 739008 673568 0 0
4845404733 4874134333 28729600 673472 600992 2 24
4945472920 4963028306 17555386 600896 545344 1 4
5045444346 5064148613 18704267 545248 488864 1 6
5145442106 5163140453 17698347 488768 429088 0 0
5245437226 5265180866 19743640 428992 363552 0 0
5345414573 5364812426 19397853 363456 298016 0 0
5445414453 5464305613 18891160 297920 235360 0 0
Generated frames: 50
Received (and measured) frames: 50
Frame not ready event count (in detector): 0
Frames dropped due to full buffer in detector: 0
Frames processed by detector: 50
Detector stop indicator set: true
Reported missed detector periods (reported by waitForNextPeriod): 0
Detector first release was scheduled for: 4294971301000001
544061026 4294971301000001 0
644061133 4294971401000001 0
744060880 4294971501000001 0
844060826 4294971601000001 0
944060933 4294971701000001 0
1044061080 4294971801000001 0
1144061120 4294971901000001 0
1244061026 4294972001000001 0
1344060893 4294972101000001 0
1444061080 4294972201000001 0
1544060973 4294972301000001 0
1644061146 4294972401000001 0
1744061093 4294972501000001 0
1844061026 4294972601000001 0
1944060920 4294972701000001 0
2044060813 4294972801000001 0
2144061080 4294972901000001 0
2244061040 4294973001000001 0
2344061000 4294973101000001 0
2444060906 4294973201000001 0
2544060866 4294973301000001 0
2644061106 4294973401000001 0
2744061040 4294973501000001 0
2844061013 4294973601000001 0
2944061133 4294973701000001 0
3044061066 4294973801000001 0
3144060866 4294973901000001 0
3244061133 4294974001000001 0
3344061106 4294974101000001 0
3444061040 4294974201000001 0
3544060840 4294974301000001 0
3644061040 4294974401000001 0
3744061040 4294974501000001 0
3844060813 4294974601000001 0
3944061053 4294974701000001 0
4044061106 4294974801000001 0
4144060866 4294974901000001 0
4244061093 4294975001000001 0
4344061013 4294975101000001 0
4444060826 4294975201000001 0
4544060813 4294975301000001 0
4644061093 4294975401000001 0
4744061106 4294975501000001 0
4844060813 4294975601000001 0
4944061120 4294975701000001 0
5044060906 4294975801000001 0
5144061146 4294975901000001 0
5244061000 4294976001000001 0
5344060893 4294976101000001 0
5444060840 4294976201000001 0
