Detector: detector priority is 6
Detector: detector period is 100
Detector is finished, processed all frames.
Dumping output [ timeBefore timeAfter timeDifference heapFreeBefore heapFreeAfter detectedCollisions suspectedCollisions ] for 50 recorded detector runs, in ns
401606120 406632480 5026360 813920 797120 1 4
502356786 520359146 18002360 797024 741472 1 4
602359333 630012920 27653587 741376 671776 2 24
702353306 721963226 19609920 671680 606240 0 0
802786093 832383546 29597453 606144 530816 3 24
902786053 932743333 29957280 530720 456576 2 28
1002802440 1019902933 17100493 456480 399680 0 0
1102828280 1121300293 18472013 399584 343200 1 6
1202825213 1220796173 17970960 343104 283424 0 0
1302819666 1321354640 18534974 283328 220768 0 0
1402790266 1422540586 19750320 220672 155232 0 0
1502796813 1522490600 19693787 814432 748992 0 0
1602806293 1620811613 18005320 748896 689216 0 0
1702831240 1718028746 15197506 689120 640160 1 2
1802828800 1819093773 16264973 640064 586144 0 0
1902819920 1931398373 28578453 586048 513568 2 24
2002795120 2039800426 37005306 513472 430656 3 42
2102790386 2120592653 17802267 430560 370880 0 0
2202798706 2227130800 24332094 370784 304512 2 16
2302842280 2321200866 18358586 304416 248032 1 6
2402828546 2421134560 18306014 247936 190880 0 4
2502829546 2521396266 18566720 814432 751872 0 0
2602797373 2621705160 18907787 751776 689216 0 0
2702801693 2721294746 18493053 689120 626560 0 0
2802806706 2821746960 18940254 626464 563904 0 0
2902823800 2920997426 18173626 563808 506752 0 4
3002829253 3021559893 18730640 506656 450272 1 6
3102821200 3127051666 24230466 450176 383904 2 16
3202826613 3221626520 18799907 383808 321248 0 0
3302789480 3336247226 33457746 321152 243712 3 36
3402799026 3431197546 28398520 814432 741952 2 24
3502804800 3519923840 17119040 741856 685056 0 0
3602845013 3618002226 15157213 684960 636000 1 2
3702837013 3719810440 16973427 635904 579104 0 0
3802830106 3821410920 18580814 579008 516448 0 0
3902793893 3923297693 20503800 516352 448032 0 0
4002798293 4021603080 18804787 447936 385376 0 0
4102801186 4119852146 17050960 385280 328480 0 0
4202845053 4221549360 18704307 328384 272000 1 6
4302832893 4319944560 17111667 271904 215104 0 0
4402831413 4433109280 30277867 215008 140864 2 28
4502796693 4532254533 29457840 814432 739104 3 24
4602790840 4622281653 19490813 739008 673568 0 0
4702797080 4731526573 28729493 673472 600992 2 24
4802865000 4820421026 17556026 600896 545344 1 4
4902836720 4921541853 18705133 545248 488864 1 6
5002834173 5020532373 17698200 488768 429088 0 0
5102828960 5122572640 19743680 428992 363552 0 0
5202806693 5222203520 19396827 363456 298016 0 0
5302806466 5321698600 18892134 297920 235360 0 0
Generated frames: 50
Received (and measured) frames: 50
Frame not ready event count (in detector): 0
Frames dropped due to full buffer in detector: 0
Frames processed by detector: 50
Detector stop indicator set: true
Reported missed detector periods (reported by waitForNextPeriod): 0
Detector first release was scheduled for: 4294971001000001
401453093 4294971001000001 0
501453053 4294971101000001 0
601452946 4294971201000001 0
701453080 4294971301000001 0
801453120 4294971401000001 0
901453093 4294971501000001 0
1001453066 4294971601000001 0
1101453080 4294971701000001 0
1201452840 4294971801000001 0
1301453080 4294971901000001 0
1401453053 4294972001000001 0
1501452880 4294972101000001 0
1601453093 4294972201000001 0
1701452893 4294972301000001 0
1801452906 4294972401000001 0
1901453160 4294972501000001 0
2001453013 4294972601000001 0
2101453133 4294972701000001 0
2201452840 4294972801000001 0
2301452840 4294972901000001 0
2401453026 4294973001000001 0
2501453093 4294973101000001 0
2601452933 4294973201000001 0
2701452840 4294973301000001 0
2801453093 4294973401000001 0
2901453053 4294973501000001 0
3001453000 4294973601000001 0
3101452866 4294973701000001 0
3201452960 4294973801000001 0
3301453053 4294973901000001 0
3401453066 4294974001000001 0
3501452906 4294974101000001 0
3601453106 4294974201000001 0
3701453053 4294974301000001 0
3801453053 4294974401000001 0
3901453013 4294974501000001 0
4001453146 4294974601000001 0
4101453133 4294974701000001 0
4201453093 4294974801000001 0
4301453080 4294974901000001 0
4401452840 4294975001000001 0
4501453093 4294975101000001 0
4601453013 4294975201000001 0
4701453093 4294975301000001 0
4801452946 4294975401000001 0
4901453093 4294975501000001 0
5001452893 4294975601000001 0
5101453053 4294975701000001 0
5201453146 4294975801000001 0
5301453146 4294975901000001 0
