Detector: detector priority is 6
Detector: detector period is 100
Detector is finished, processed all frames.
Dumping output [ timeBefore timeAfter timeDifference heapFreeBefore heapFreeAfter detectedCollisions suspectedCollisions ] for 50 recorded detector runs, in ns
699696133 704722386 5026253 813920 797120 1 4
800447106 818449760 18002654 797024 741472 1 4
900449613 928102706 27653093 741376 671776 2 24
1000443320 1020053400 19610080 671680 606240 0 0
1100876306 1130474080 29597774 606144 530816 3 24
1200876533 1230833400 29956867 530720 456576 2 28
1300892520 1317992813 17100293 456480 399680 0 0
1400918586 1419390293 18471707 399584 343200 1 6
1500914893 1518885133 17970240 343104 283424 0 0
1600910093 1619444586 18534493 283328 220768 0 0
1700880400 1720629533 19749133 220672 155232 0 0
1800887360 1820581360 19694000 814432 748992 0 0
1900896373 1918901120 18004747 748896 689216 0 0
2000921306 2016118266 15196960 689120 640160 1 2
2100918973 2117184773 16265800 640064 586144 0 0
2200910493 2229488413 28577920 586048 513568 2 24
2300885626 2337890533 37004907 513472 430656 3 42
2400881160 2418683333 17802173 430560 370880 0 0
2500889106 2525219986 24330880 370784 304512 2 16
2600933333 2619292000 18358667 304416 248032 1 6
2700919120 2719224933 18305813 247936 190880 0 4
2800920133 2819485626 18565493 814432 751872 0 0
2900887840 2919795013 18907173 751776 689216 0 0
3000892080 3019383840 18491760 689120 626560 0 0
3100896613 3119836986 18940373 626464 563904 0 0
3200913986 3219087986 18174000 563808 506752 0 4
3300919773 3319650280 18730507 506656 450272 1 6
3400911600 3425140493 24228893 450176 383904 2 16
3500916826 3519716866 18800040 383808 321248 0 0
3600880026 3634337400 33457374 321152 243712 3 36
3700889173 3729287573 28398400 814432 741952 2 24
3800895226 3818014146 17118920 741856 685056 0 0
3900934960 3916091680 15156720 684960 636000 1 2
4000927426 4017900906 16973480 635904 579104 0 0
4100920573 4119501066 18580493 579008 516448 0 0
4200884586 4221387813 20503227 516352 448032 0 0
4300888626 4319693720 18805094 447936 385376 0 0
4400891266 4417942240 17050974 385280 328480 0 0
4500934973 4519640973 18706000 328384 272000 1 6
4600922906 4618034266 17111360 271904 215104 0 0
4700921466 4731200240 30278774 215008 140864 2 28
4800886973 4830344480 29457507 814432 739104 3 24
4900881106 4920373026 19491920 739008 673568 0 0
5000887000 5029617000 28730000 673472 600992 2 24
5100955013 5118510813 17555800 600896 545344 1 4
5200927026 5219631480 18704454 545248 488864 1 6
5300924333 5318622733 17698400 488768 429088 0 0
5400919560 5420663800 19744240 428992 363552 0 0
5500897080 5520294080 19397000 363456 298016 0 0
5600896640 5619789160 18892520 297920 235360 0 0
Generated frames: 50
Received (and measured) frames: 50
Frame not ready event count (in detector): 0
Frames dropped due to full buffer in detector: 0
Frames processed by detector: 50
Detector stop indicator set: true
Reported missed detector periods (reported by waitForNextPeriod): 0
Detector first release was scheduled for: 4294971501000001
699543173 4294971501000001 0
799543266 4294971601000001 0
899543333 4294971701000001 0
999543373 4294971801000001 0
1099543426 4294971901000001 0
1199543466 4294972001000001 0
1299543373 4294972101000001 0
1399543386 4294972201000001 0
1499543333 4294972301000001 0
1599543346 4294972401000001 0
1699543266 4294972501000001 0
1799543346 4294972601000001 0
1899543266 4294972701000001 0
1999543320 4294972801000001 0
2099543266 4294972901000001 0
2199543360 4294973001000001 0
2299543306 4294973101000001 0
2399543333 4294973201000001 0
2499543413 4294973301000001 0
2599543413 4294973401000001 0
2699543293 4294973501000001 0
2799543373 4294973601000001 0
2899543333 4294973701000001 0
2999543106 4294973801000001 0
3099543120 4294973901000001 0
3199543346 4294974001000001 0
3299543333 4294974101000001 0
3399543333 4294974201000001 0
3499543160 4294974301000001 0
3599543373 4294974401000001 0
3699543106 4294974501000001 0
3799543120 4294974601000001 0
3899543173 4294974701000001 0
3999543426 4294974801000001 0
4099543106 4294974901000001 0
4199543320 4294975001000001 0
4299543306 4294975101000001 0
4399543333 4294975201000001 0
4499543373 4294975301000001 0
4599543160 4294975401000001 0
4699543186 4294975501000001 0
4799543133 4294975601000001 0
4899543360 4294975701000001 0
4999543200 4294975801000001 0
5099543120 4294975901000001 0
5199543386 4294976001000001 0
5299543386 4294976101000001 0
5399543320 4294976201000001 0
5499543426 4294976301000001 0
5599543173 4294976401000001 0
