Detector: detector priority is 6
Detector: detector period is 100
Detector is finished, processed all frames.
Dumping output [ timeBefore timeAfter timeDifference heapFreeBefore heapFreeAfter detectedCollisions suspectedCollisions ] for 50 recorded detector runs, in ns
398109866 402480346 4370480 814496 804992 1 4
498852026 513822480 14970454 804992 776832 1 4
598854520 623028800 24174280 776832 741536 2 24
698848413 714714333 15865920 741536 708864 0 0
799282506 825029346 25746840 708864 670912 3 24
899282880 925569986 26287106 670912 633376 2 28
999299106 1013195693 13896587 633376 604736 0 0
1099324240 1114748733 15424493 604736 576128 1 6
1199321466 1213902106 14580640 576128 546144 0 0
1299315240 1314287133 14971893 546144 514816 0 0
1399286360 1415269560 15983200 514816 482144 0 0
1499293266 1515219973 15926707 482144 449472 0 0
1599302213 1613912546 14610333 449472 419488 0 0
1699327386 1711864293 12536907 419488 394464 1 2
1799325240 1812566880 13241640 394464 367168 0 0
1899316560 1924233506 24916946 367168 330528 2 24
1999291240 2032380853 33089613 330528 288544 3 42
2099286866 2113718800 14431934 288544 258560 0 0
2199295026 2220183146 20888120 258560 225056 2 16
2299338906 2314668106 15329200 225056 196448 1 6
2399325173 2414440160 15114987 814592 786336 0 4
2499325906 2514347573 15021667 786336 755008 0 0
2599293746 2614648440 15354694 755008 723680 0 0
2699298226 2714250173 14951947 723680 692352 0 0
2799302666 2814674320 15371654 692352 661024 0 0
2899319573 2914305960 14986387 661024 632768 0 4
2999325200 3015007693 15682493 632768 604160 1 6
3099317426 3120106840 20789414 604160 570656 2 16
3199322813 3214558053 15235240 570656 539328 0 0
3299285680 3329035786 29750106 539328 500032 3 36
3399295053 3424041573 24746520 500032 463392 2 24
3499301066 3513215826 13914760 463392 434752 0 0
3599340773 3611845253 12504480 434752 409728 1 2
3699332706 3713105346 13772640 409728 381088 0 0
3799326173 3814339186 15013013 381088 349760 0 0
3899290440 3915847973 16557533 349760 315744 0 0
3999294640 4014525853 15231213 315744 284416 0 0
4099297160 4113138733 13841573 284416 255776 0 0
4199340720 4214983506 15642786 255776 227168 1 6
4299328960 4313231333 13902373 814592 785952 0 0
4399327533 4425916200 26588667 785952 748416 2 28
4499292986 4524905613 25612627 748416 710464 3 24
4599287146 4615036413 15749267 710464 677792 0 0
4699292786 4724361653 25068867 677792 641152 2 24
4799361413 4813895306 14533893 641152 612992 1 4
4899332680 4915006013 15673333 612992 584384 1 6
4999330253 5013662120 14331867 584384 554400 0 0
5099325320 5115330480 16005160 554400 521728 0 0
5199302813 5214967093 15664280 521728 489056 0 0
5299302933 5314636613 15333680 489056 457728 0 0
Generated frames: 50
Received (and measured) frames: 50
Frame not ready event count (in detector): 0
Frames dropped due to full buffer in detector: 0
Frames processed by detector: 50
Detector stop indicator set: true
Reported missed detector periods (reported by waitForNextPeriod): 0
Detector first release was scheduled for: 3601000001
397956520 3601000001 0
497956666 3701000001 0
597956573 3801000001 0
697956600 3901000001 0
797956440 4001000001 0
897956653 4101000001 0
997956546 4201000001 0
1097956440 4301000001 0
1197956613 4401000001 0
1297956413 4501000001 0
1397956613 4601000001 0
1497956533 4701000001 0
1597956413 4801000001 0
1697956573 4901000001 0
1797956640 5001000001 0
1897956600 5101000001 0
1997956400 5201000001 0
2097956373 5301000001 0
2197956626 5401000001 0
2297956706 5501000001 0
2397956546 5601000001 0
2497956586 5701000001 0
2597956653 5801000001 0
2697956626 5901000001 0
2797956613 6001000001 0
2897956546 6101000001 0
2997956653 6201000001 0
3097956373 6301000001 0
3197956573 6401000001 0
3297956560 6501000001 0
3397956413 6601000001 0
3497956706 6701000001 0
3597956693 6801000001 0
3697956666 6901000001 0
3797956413 7001000001 0
3897956613 7101000001 0
3997956586 7201000001 0
4097956706 7301000001 0
4197956426 7401000001 0
4297956400 7501000001 0
4397956600 7601000001 0
4497956560 7701000001 0
4597956680 7801000001 0
4697956560 7901000001 0
4797956546 8001000001 0
4897956560 8101000001 0
4997956466 8201000001 0
5097956613 8301000001 0
5197956546 8401000001 0
5297956640 8501000001 0
