Detector: detector priority is 6
Detector: detector period is 100
Detector is finished, processed all frames.
Dumping output [ timeBefore timeAfter timeDifference heapFreeBefore heapFreeAfter detectedCollisions suspectedCollisions ] for 50 recorded detector runs, in ns
420658720 425029226 4370506 814496 804992 1 4
521401106 536371493 14970387 804992 776832 1 4
621403560 645579373 24175813 776832 741536 2 24
721397320 737263133 15865813 741536 708864 0 0
821831666 847579120 25747454 708864 670912 3 24
921831826 948117253 26285427 670912 633376 2 28
1021847680 1035744786 13897106 633376 604736 0 0
1121873493 1137298453 15424960 604736 576128 1 6
1221870440 1236451360 14580920 576128 546144 0 0
1321864146 1336835840 14971694 546144 514816 0 0
1421835680 1437817826 15982146 514816 482144 0 0
1521842213 1537768546 15926333 482144 449472 0 0
1621851466 1636461533 14610067 449472 419488 0 0
1721876360 1734412720 12536360 419488 394464 1 2
1821873786 1835114133 13240347 394464 367168 0 0
1921865120 1946781826 24916706 367168 330528 2 24
2021840066 2054928280 33088214 330528 288544 3 42
2121835760 2136267160 14431400 288544 258560 0 0
2221844026 2242732133 20888107 258560 225056 2 16
2321887826 2337215600 15327774 225056 196448 1 6
2421873653 2436989280 15115627 814592 786336 0 4
2521874933 2536896466 15021533 786336 755008 0 0
2621842586 2637198200 15355614 755008 723680 0 0
2721847226 2736798546 14951320 723680 692352 0 0
2821851800 2837222906 15371106 692352 661024 0 0
2921869026 2936854546 14985520 661024 632768 0 4
3021874546 3037556346 15681800 632768 604160 1 6
3121866800 3142655706 20788906 604160 570656 2 16
3221871720 3237105480 15233760 570656 539328 0 0
3321834880 3351584973 29750093 539328 500032 3 36
3421844186 3446591066 24746880 500032 463392 2 24
3521850000 3535764360 13914360 463392 434752 0 0
3621890133 3634394373 12504240 434752 409728 1 2
3721881920 3735655026 13773106 409728 381088 0 0
3821875053 3836888733 15013680 381088 349760 0 0
3921839333 3938397986 16558653 349760 315744 0 0
4021843480 4037075373 15231893 315744 284416 0 0
4121846040 4135687880 13841840 284416 255776 0 0
4221889746 4237533413 15643667 255776 227168 1 6
4321877680 4335781280 13903600 814592 785952 0 0
4421876560 4448466213 26589653 785952 748416 2 28
4521842093 4547456040 25613947 748416 710464 3 24
4621836200 4637585253 15749053 710464 677792 0 0
4721842013 4746911173 25069160 677792 641152 2 24
4821910306 4836444640 14534334 641152 612992 1 4
4921881693 4937555000 15673307 612992 584384 1 6
5021879400 5036210960 14331560 584384 554400 0 0
5121874653 5137878853 16004200 554400 521728 0 0
5221851626 5237516146 15664520 521728 489056 0 0
5321851666 5337184973 15333307 489056 457728 0 0
Generated frames: 50
Received (and measured) frames: 50
Frame not ready event count (in detector): 0
Frames dropped due to full buffer in detector: 0
Frames processed by detector: 50
Detector stop indicator set: true
Reported missed detector periods (reported by waitForNextPeriod): 0
Detector first release was scheduled for: 3801000001
420505386 3801000001 0
520505613 3901000001 0
620505426 4001000001 0
720505573 4101000001 0
820505600 4201000001 0
920505546 4301000001 0
1020505653 4401000001 0
1120505666 4501000001 0
1220505413 4601000001 0
1320505706 4701000001 0
1420505653 4801000001 0
1520505640 4901000001 0
1620505386 5001000001 0
1720505533 5101000001 0
1820505440 5201000001 0
1920505600 5301000001 0
2020505373 5401000001 0
2120505586 5501000001 0
2220505586 5601000001 0
2320505613 5701000001 0
2420505373 5801000001 0
2520505640 5901000001 0
2620505373 6001000001 0
2720505586 6101000001 0
2820505666 6201000001 0
2920505693 6301000001 0
3020505626 6401000001 0
3120505613 6501000001 0
3220505560 6601000001 0
3320505546 6701000001 0
3420505586 6801000001 0
3520505640 6901000001 0
3620505653 7001000001 0
3720505613 7101000001 0
3820505373 7201000001 0
3920505373 7301000001 0
4020505653 7401000001 0
4120505373 7501000001 0
4220505533 7601000001 0
4320505400 7701000001 0
4420505373 7801000001 0
4520505533 7901000001 0
4620505546 8001000001 0
4720505640 8101000001 0
4820505653 8201000001 0
4920505600 8301000001 0
5020505426 8401000001 0
5120505666 8501000001 0
5220505613 8601000001 0
5320505373 8701000001 0
