Detector: detector priority is 6
Detector: detector period is 100
Detector is finished, processed all frames.
Dumping output [ timeBefore timeAfter timeDifference heapFreeBefore heapFreeAfter detectedCollisions suspectedCollisions ] for 50 recorded detector runs, in ns
395887413 400258186 4370773 814496 804992 1 4
496629773 511599746 14969973 804992 776832 1 4
596631986 620806946 24174960 776832 741536 2 24
696625920 712491733 15865813 741536 708864 0 0
797060013 822807386 25747373 708864 670912 3 24
897060386 923346133 26285747 670912 633376 2 28
997076440 1010974066 13897626 633376 604736 0 0
1097101973 1112526866 15424893 604736 576128 1 6
1197098773 1211679680 14580907 576128 546144 0 0
1297093106 1312065386 14972280 546144 514816 0 0
1397064120 1413047013 15982893 514816 482144 0 0
1497070813 1512998666 15927853 482144 449472 0 0
1597080026 1611690066 14610040 449472 419488 0 0
1697104920 1709642160 12537240 419488 394464 1 2
1797102613 1810343880 13241267 394464 367168 0 0
1897093706 1922010026 24916320 367168 330528 2 24
1997068866 2030157853 33088987 330528 288544 3 42
2097064400 2111496546 14432146 288544 258560 0 0
2197072506 2217960186 20887680 258560 225056 2 16
2297116480 2312445146 15328666 225056 196448 1 6
2397102480 2412218133 15115653 814592 786336 0 4
2497103386 2512125120 15021734 786336 755008 0 0
2597071226 2612426333 15355107 755008 723680 0 0
2697075800 2712027066 14951266 723680 692352 0 0
2797080680 2812452013 15371333 692352 661024 0 0
2897097253 2912083453 14986200 661024 632768 0 4
2997103013 3012784920 15681907 632768 604160 1 6
3097095560 3117884106 20788546 604160 570656 2 16
3197100826 3212335333 15234507 570656 539328 0 0
3297063386 3326814520 29751134 539328 500032 3 36
3397072600 3421819026 24746426 500032 463392 2 24
3497078866 3510993613 13914747 463392 434752 0 0
3597118600 3609622573 12503973 434752 409728 1 2
3697110186 3710882920 13772734 409728 381088 0 0
3797104066 3812116786 15012720 381088 349760 0 0
3897067880 3913626200 16558320 349760 315744 0 0
3997072040 4012303960 15231920 315744 284416 0 0
4097074840 4110916600 13841760 284416 255776 0 0
4197118626 4212762306 15643680 255776 227168 1 6
4297106680 4311010106 13903426 814592 785952 0 0
4397105146 4423694493 26589347 785952 748416 2 28
4497070266 4522684160 25613894 748416 710464 3 24
4597064520 4612813080 15748560 710464 677792 0 0
4697070520 4722139506 25068986 677792 641152 2 24
4797138826 4811672666 14533840 641152 612992 1 4
4897110520 4912784213 15673693 612992 584384 1 6
4997107680 5011438866 14331186 584384 554400 0 0
5097102880 5113107120 16004240 554400 521728 0 0
5197080493 5212745573 15665080 521728 489056 0 0
5297080026 5312413120 15333094 489056 457728 0 0
Generated frames: 50
Received (and measured) frames: 50
Frame not ready event count (in detector): 0
Frames dropped due to full buffer in detector: 0
Frames processed by detector: 50
Detector stop indicator set: true
Reported missed detector periods (reported by waitForNextPeriod): 0
Detector first release was scheduled for: 3601000001
395733986 3601000001 0
495734200 3701000001 0
595734040 3801000001 0
695734240 3901000001 0
795734146 4001000001 0
895734160 4101000001 0
995734160 4201000001 0
1095734226 4301000001 0
1195734280 4401000001 0
1295734146 4501000001 0
1395734213 4601000001 0
1495734146 4701000001 0
1595733986 4801000001 0
1695734213 4901000001 0
1795734226 5001000001 0
1895734080 5101000001 0
1995734240 5201000001 0
2095734226 5301000001 0
2195733986 5401000001 0
2295734226 5501000001 0
2395734040 5601000001 0
2495734213 5701000001 0
2595734040 5801000001 0
2695733986 5901000001 0
2795734226 6001000001 0
2895734000 6101000001 0
2995733986 6201000001 0
3095734253 6301000001 0
3195734320 6401000001 0
3295734213 6501000001 0
3395733986 6601000001 0
3495734213 6701000001 0
3595734160 6801000001 0
3695733986 6901000001 0
3795734240 7001000001 0
3895733986 7101000001 0
3995733986 7201000001 0
4095734266 7301000001 0
4195734186 7401000001 0
4295734213 7501000001 0
4395733986 7601000001 0
4495734160 7701000001 0
4595733986 7801000001 0
4695734000 7901000001 0
4795734200 8001000001 0
4895734173 8101000001 0
4995734253 8201000001 0
5095734226 8301000001 0
5195734213 8401000001 0
5295733986 8501000001 0
