Detector: detector priority is 6
Detector: detector period is 100
Detector is finished, processed all frames.
Dumping output [ timeBefore timeAfter timeDifference heapFreeBefore heapFreeAfter detectedCollisions suspectedCollisions ] for 50 recorded detector runs, in ns
494625146 499772146 5147000 813920 797120 1 4
595372973 613872546 18499573 797024 741472 1 4
695375453 723531026 28155573 741376 671776 2 24
795368760 815497213 20128453 671680 606240 0 0
895802293 925985573 30183280 606144 530816 3 24
995802413 1026252066 30449653 530720 456576 2 28
1095818360 1113391213 17572853 456480 399680 0 0
1195843866 1214739573 18895707 399584 343200 1 6
1295840546 1314308293 18467747 343104 283424 0 0
1395835360 1414812720 18977360 283328 220768 0 0
1495806666 1516105053 20298387 220672 155232 0 0
1595812746 1616040960 20228214 814432 748992 0 0
1695822560 1714324746 18502186 748896 689216 0 0
1795846840 1811421413 15574573 689120 640160 1 2
1895845013 1912557293 16712280 640064 586144 0 0
1995836013 2024947400 29111387 586048 513568 2 24
2095811106 2133431000 37619894 513472 430656 3 42
2195807133 2214060066 18252933 430560 370880 0 0
2295814826 2320664760 24849934 370784 304512 2 16
2395858413 2414616693 18758280 304416 248032 1 6
2495844973 2514641506 18796533 247936 190880 0 4
2595845613 2614865373 19019760 814432 751872 0 0
2695813080 2715263813 19450733 751776 689216 0 0
2795817760 2814747000 18929240 689120 626560 0 0
2895822413 2915304040 19481627 626464 563904 0 0
2995839386 3014451773 18612387 563808 506752 0 4
3095845080 3115055453 19210373 506656 450272 1 6
3195837653 3220557986 24720333 450176 383904 2 16
3295842493 3315149386 19306893 383808 321248 0 0
3395805453 3429827853 34022400 321152 243712 3 36
3495814586 3524706933 28892347 814432 741952 2 24
3595821053 3613416120 17595067 741856 685056 0 0
3695860560 3711390986 15530426 684960 636000 1 2
3795852653 3813267386 17414733 635904 579104 0 0
3895845853 3914882960 19037107 579008 516448 0 0
3995810573 4016859760 21049187 516352 448032 0 0
4095814426 4115123626 19309200 447936 385376 0 0
4195816760 4213317280 17500520 385280 328480 0 0
4295860693 4315036226 19175533 328384 272000 1 6
4395849146 4413424600 17575454 271904 215104 0 0
4495847280 4526686360 30839080 215008 140864 2 28
4595812546 4625848360 30035814 814432 739104 3 24
4695806506 4715791120 19984614 739008 673568 0 0
4795812840 4825124373 29311533 673472 600992 2 24
4895880986 4913828626 17947640 600896 545344 1 4
4995852666 5015032053 19179387 545248 488864 1 6
5095849626 5113976853 18127227 488768 429088 0 0
5195845146 5216145853 20300707 428992 363552 0 0
5295822466 5315685613 19863147 363456 298016 0 0
5395822320 5415239746 19417426 297920 235360 0 0
Generated frames: 50
Received (and measured) frames: 50
Frame not ready event count (in detector): 0
Frames dropped due to full buffer in detector: 0
Frames processed by detector: 50
Detector stop indicator set: true
Reported missed detector periods (reported by waitForNextPeriod): 0
Detector first release was scheduled for: 4294971101000001
494471906 4294971101000001 0
594471853 4294971201000001 0
694471933 4294971301000001 0
794471706 4294971401000001 0
894471866 4294971501000001 0
994471933 4294971601000001 0
1094471920 4294971701000001 0
1194471666 4294971801000001 0
1294471693 4294971901000001 0
1394471880 4294972001000001 0
1494471960 4294972101000001 0
1594471680 4294972201000001 0
1694471853 4294972301000001 0
1794471666 4294972401000001 0
1894471960 4294972501000001 0
1994471920 4294972601000001 0
2094471906 4294972701000001 0
2194471933 4294972801000001 0
2294472066 4294972901000001 0
2394471680 4294973001000001 0
2494471920 4294973101000001 0
2594471960 4294973201000001 0
2694471720 4294973301000001 0
2794471973 4294973401000001 0
2894471880 4294973501000001 0
2994471746 4294973601000001 0
3094471960 4294973701000001 0
3194472026 4294973801000001 0
3294471746 4294973901000001 0
3394471826 4294974001000001 0
3494471760 4294974101000001 0
3594471826 4294974201000001 0
3694471666 4294974301000001 0
3794471826 4294974401000001 0
3894471733 4294974501000001 0
3994471973 4294974601000001 0
4094471946 4294974701000001 0
4194471880 4294974801000001 0
4294471840 4294974901000001 0
4394471920 4294975001000001 0
4494471720 4294975101000001 0
4594471906 4294975201000001 0
4694471666 4294975301000001 0
4794471946 4294975401000001 0
4894471973 4294975501000001 0
4994471973 4294975601000001 0
5094471693 4294975701000001 0
5194471946 4294975801000001 0
5294471920 4294975901000001 0
5394471746 4294976001000001 0
