Detector: detector priority is 6
Detector: detector period is 100
Detector is finished, processed all frames.
Dumping output [ timeBefore timeAfter timeDifference heapFreeBefore heapFreeAfter detectedCollisions suspectedCollisions ] for 50 recorded detector runs, in ns
452741906 457888560 5146654 813920 797120 1 4
553489666 571989853 18500187 797024 741472 1 4
653492333 681647573 28155240 741376 671776 2 24
753486013 773614853 20128840 671680 606240 0 0
853919226 884101640 30182414 606144 530816 3 24
953919240 984370693 30451453 530720 456576 2 28
1053935120 1071508426 17573306 456480 399680 0 0
1153960866 1172856506 18895640 399584 343200 1 6
1253957680 1272425280 18467600 343104 283424 0 0
1353952093 1372928493 18976400 283328 220768 0 0
1453922680 1474221506 20298826 220672 155232 0 0
1553929880 1574158093 20228213 814432 748992 0 0
1653938906 1672441093 18502187 748896 689216 0 0
1753964133 1769538653 15574520 689120 640160 1 2
1853961746 1870674666 16712920 640064 586144 0 0
1953953000 1983063826 29110826 586048 513568 2 24
2053927733 2091547346 37619613 513472 430656 3 42
2153923026 2172176160 18253134 430560 370880 0 0
2253931493 2278781386 24849893 370784 304512 2 16
2353975213 2372732280 18757067 304416 248032 1 6
2453961453 2472757720 18796267 247936 190880 0 4
2553962066 2572981666 19019600 814432 751872 0 0
2653929986 2673380093 19450107 751776 689216 0 0
2753934800 2772863773 18928973 689120 626560 0 0
2853938853 2873420466 19481613 626464 563904 0 0
2953956213 2972569360 18613147 563808 506752 0 4
3053962013 3073172986 19210973 506656 450272 1 6
3153953973 3178674946 24720973 450176 383904 2 16
3253959346 3273266080 19306734 383808 321248 0 0
3353922480 3387945586 34023106 321152 243712 3 36
3453931560 3482822906 28891346 814432 741952 2 24
3553937693 3571533320 17595627 741856 685056 0 0
3653977600 3669507826 15530226 684960 636000 1 2
3753969400 3771384760 17415360 635904 579104 0 0
3853962733 3872998720 19035987 579008 516448 0 0
3953927160 3974974973 21047813 516352 448032 0 0
4053930546 4073240253 19309707 447936 385376 0 0
4153933853 4171435706 17501853 385280 328480 0 0
4253977373 4273153680 19176307 328384 272000 1 6
4353965840 4371540226 17574386 271904 215104 0 0
4453964626 4484804133 30839507 215008 140864 2 28
4553929586 4583967226 30037640 814432 739104 3 24
4653923466 4673907800 19984334 739008 673568 0 0
4753929400 4783241680 29312280 673472 600992 2 24
4853997853 4871944986 17947133 600896 545344 1 4
4953969613 4973148733 19179120 545248 488864 1 6
5053966920 5072094866 18127946 488768 429088 0 0
5153961880 5174262133 20300253 428992 363552 0 0
5253939266 5273801786 19862520 363456 298016 0 0
5353939066 5373356560 19417494 297920 235360 0 0
Generated frames: 50
Received (and measured) frames: 50
Frame not ready event count (in detector): 0
Frames dropped due to full buffer in detector: 0
Frames processed by detector: 50
Detector stop indicator set: true
Reported missed detector periods (reported by waitForNextPeriod): 0
Detector first release was scheduled for: 4294971101000001
452588706 4294971101000001 0
552588746 4294971201000001 0
652588800 4294971301000001 0
752588773 4294971401000001 0
852588666 4294971501000001 0
952588506 4294971601000001 0
1052588693 4294971701000001 0
1152588720 4294971801000001 0
1252588720 4294971901000001 0
1352588706 4294972001000001 0
1452588466 4294972101000001 0
1552588800 4294972201000001 0
1652588480 4294972301000001 0
1752588760 4294972401000001 0
1852588693 4294972501000001 0
1952588773 4294972601000001 0
2052588733 4294972701000001 0
2152588466 4294972801000001 0
2252588640 4294972901000001 0
2352588680 4294973001000001 0
2452588733 4294973101000001 0
2552588546 4294973201000001 0
2652588733 4294973301000001 0
2752588760 4294973401000001 0
2852588480 4294973501000001 0
2952588720 4294973601000001 0
3052588800 4294973701000001 0
3152588746 4294973801000001 0
3252588626 4294973901000001 0
3352588546 4294974001000001 0
3452588493 4294974101000001 0
3552588653 4294974201000001 0
3652588746 4294974301000001 0
3752588493 4294974401000001 0
3852588813 4294974501000001 0
3952588733 4294974601000001 0
4052588506 4294974701000001 0
4152588653 4294974801000001 0
4252588760 4294974901000001 0
4352588786 4294975001000001 0
4452588746 4294975101000001 0
4552588880 4294975201000001 0
4652588733 4294975301000001 0
4752588466 4294975401000001 0
4852588760 4294975501000001 0
4952588800 4294975601000001 0
5052588706 4294975701000001 0
5152588706 4294975801000001 0
5252588706 4294975901000001 0
5352588706 4294976001000001 0
