Detector: detector priority is 6
Detector: detector period is 100
Detector is finished, processed all frames.
Dumping output [ timeBefore timeAfter timeDifference heapFreeBefore heapFreeAfter detectedCollisions suspectedCollisions ] for 50 recorded detector runs, in ns
721844133 726990720 5146587 813920 797120 1 4
822591960 841091640 18499680 797024 741472 1 4
922594146 950750013 28155867 741376 671776 2 24
1022587640 1042715653 20128013 671680 606240 0 0
1123021040 1153202453 30181413 606144 530816 3 24
1223021400 1253471146 30449746 530720 456576 2 28
1323037253 1340610640 17573387 456480 399680 0 0
1423062666 1441958266 18895600 399584 343200 1 6
1523059600 1541527173 18467573 343104 283424 0 0
1623054240 1642030880 18976640 283328 220768 0 0
1723025080 1743323386 20298306 220672 155232 0 0
1823031613 1843258866 20227253 814432 748992 0 0
1923041320 1941543440 18502120 748896 689216 0 0
2023065960 2038639720 15573760 689120 640160 1 2
2123063693 2139775893 16712200 640064 586144 0 0
2223055066 2252166053 29110987 586048 513568 2 24
2323030013 2360650253 37620240 513472 430656 3 42
2423025586 2441279240 18253654 430560 370880 0 0
2523033573 2547882906 24849333 370784 304512 2 16
2623077346 2641835360 18758014 304416 248032 1 6
2723063466 2741859733 18796267 247936 190880 0 4
2823064253 2842084693 19020440 814432 751872 0 0
2923031986 2942482920 19450934 751776 689216 0 0
3023036640 3041965680 18929040 689120 626560 0 0
3123041240 3142522626 19481386 626464 563904 0 0
3223058346 3241671866 18613520 563808 506752 0 4
3323063666 3342274146 19210480 506656 450272 1 6
3423056106 3447776106 24720000 450176 383904 2 16
3523061306 3542368026 19306720 383808 321248 0 0
3623024440 3657048386 34023946 321152 243712 3 36
3723033840 3751925613 28891773 814432 741952 2 24
3823039480 3840634493 17595013 741856 685056 0 0
3923079586 3938610693 15531107 684960 636000 1 2
4023071533 4040486453 17414920 635904 579104 0 0
4123065013 4142101520 19036507 579008 516448 0 0
4223029253 4244078613 21049360 516352 448032 0 0
4323033133 4342341840 19308707 447936 385376 0 0
4423035653 4440536560 17500907 385280 328480 0 0
4523079453 4542255200 19175747 328384 272000 1 6
4623067840 4640642946 17575106 271904 215104 0 0
4723066293 4753905360 30839067 215008 140864 2 28
4823031546 4853067720 30036174 814432 739104 3 24
4923025426 4943008400 19982974 739008 673568 0 0
5023031533 5052342973 29311440 673472 600992 2 24
5123099786 5141046933 17947147 600896 545344 1 4
5223071346 5242249720 19178374 545248 488864 1 6
5323068240 5341195853 18127613 488768 429088 0 0
5423064013 5443364373 20300360 428992 363552 0 0
5523041186 5542903733 19862547 363456 298016 0 0
5623040920 5642458586 19417666 297920 235360 0 0
Generated frames: 50
Received (and measured) frames: 50
Frame not ready event count (in detector): 0
Frames dropped due to full buffer in detector: 0
Frames processed by detector: 50
Detector stop indicator set: true
Reported missed detector periods (reported by waitForNextPeriod): 0
Detector first release was scheduled for: 4294971701000001
721690853 4294971701000001 0
821690693 4294971801000001 0
921690586 4294971901000001 0
1021690493 4294972001000001 0
1121690560 4294972101000001 0
1221690880 4294972201000001 0
1321690773 4294972301000001 0
1421690666 4294972401000001 0
1521690706 4294972501000001 0
1621690720 4294972601000001 0
1721690733 4294972701000001 0
1821690573 4294972801000001 0
1921690786 4294972901000001 0
2021690786 4294973001000001 0
2121690666 4294973101000001 0
2221690840 4294973201000001 0
2321690826 4294973301000001 0
2421690733 4294973401000001 0
2521690866 4294973501000001 0
2621690800 4294973601000001 0
2721690506 4294973701000001 0
2821690520 4294973801000001 0
2921690506 4294973901000001 0
3021690706 4294974001000001 0
3121690720 4294974101000001 0
3221690760 4294974201000001 0
3321690666 4294974301000001 0
3421690733 4294974401000001 0
3521690760 4294974501000001 0
3621690706 4294974601000001 0
3721690813 4294974701000001 0
3821690546 4294974801000001 0
3921690706 4294974901000001 0
4021690706 4294975001000001 0
4121690813 4294975101000001 0
4221690493 4294975201000001 0
4321690706 4294975301000001 0
4421690760 4294975401000001 0
4521690773 4294975501000001 0
4621690760 4294975601000001 0
4721690493 4294975701000001 0
4821690800 4294975801000001 0
4921690573 4294975901000001 0
5021690666 4294976001000001 0
5121690786 4294976101000001 0
5221690746 4294976201000001 0
5321690560 4294976301000001 0
5421690720 4294976401000001 0
5521690746 4294976501000001 0
5621690546 4294976601000001 0
