Detector: detector priority is 6
Detector: detector period is 100
Detector is finished, processed all frames.
Dumping output [ timeBefore timeAfter timeDifference heapFreeBefore heapFreeAfter detectedCollisions suspectedCollisions ] for 50 recorded detector runs, in ns
463128040 468274466 5146426 813920 797120 1 4
563876146 582376893 18500747 797024 741472 1 4
663878546 692032693 28154147 741376 671776 2 24
763872400 784000506 20128106 671680 606240 0 0
864305493 894487333 30181840 606144 530816 3 24
964305693 994756720 30451027 530720 456576 2 28
1064321773 1081895413 17573640 456480 399680 0 0
1164347293 1183242973 18895680 399584 343200 1 6
1264343986 1282811986 18468000 343104 283424 0 0
1364338760 1383315760 18977000 283328 220768 0 0
1464309373 1484608360 20298987 220672 155232 0 0
1564316120 1584543333 20227213 814432 748992 0 0
1664325546 1682827453 18501907 748896 689216 0 0
1764350653 1779925400 15574747 689120 640160 1 2
1864347986 1881060160 16712174 640064 586144 0 0
1964339453 1993451026 29111573 586048 513568 2 24
2064314226 2101933213 37618987 513472 430656 3 42
2164309840 2182563400 18253560 430560 370880 0 0
2264317960 2289168160 24850200 370784 304512 2 16
2364361653 2383119200 18757547 304416 248032 1 6
2464347533 2483143933 18796400 247936 190880 0 4
2564348613 2583368506 19019893 814432 751872 0 0
2664316640 2683767133 19450493 751776 689216 0 0
2764321266 2783250226 18928960 689120 626560 0 0
2864325600 2883807480 19481880 626464 563904 0 0
2964342840 2982955840 18613000 563808 506752 0 4
3064348426 3083559240 19210814 506656 450272 1 6
3164340800 3189060826 24720026 450176 383904 2 16
3264345840 3283652626 19306786 383808 321248 0 0
3364308466 3398331053 34022587 321152 243712 3 36
3464318453 3493210333 28891880 814432 741952 2 24
3564324226 3581918453 17594227 741856 685056 0 0
3664364120 3679894920 15530800 684960 636000 1 2
3764356053 3781770600 17414547 635904 579104 0 0
3864349560 3883386373 19036813 579008 516448 0 0
3964313786 3985361653 21047867 516352 448032 0 0
4064317413 4083626933 19309520 447936 385376 0 0
4164320120 4181821053 17500933 385280 328480 0 0
4264364040 4283538640 19174600 328384 272000 1 6
4364352373 4381926386 17574013 271904 215104 0 0
4464351000 4495189506 30838506 215008 140864 2 28
4564315840 4594351440 30035600 814432 739104 3 24
4664310146 4684293826 19983680 739008 673568 0 0
4764316093 4793627120 29311027 673472 600992 2 24
4864384186 4882331520 17947334 600896 545344 1 4
4964355853 4983534986 19179133 545248 488864 1 6
5064353253 5082481413 18128160 488768 429088 0 0
5164348013 5184649186 20301173 428992 363552 0 0
5264325533 5284188560 19863027 363456 298016 0 0
5364325573 5383742746 19417173 297920 235360 0 0
Generated frames: 50
Received (and measured) frames: 50
Frame not ready event count (in detector): 0
Frames dropped due to full buffer in detector: 0
Frames processed by detector: 50
Detector stop indicator set: true
Reported missed detector periods (reported by waitForNextPeriod): 0
Detector first release was scheduled for: 4294971101000001
462974960 4294971101000001 0
562975026 4294971201000001 0
662975040 4294971301000001 0
762975226 4294971401000001 0
862975106 4294971501000001 0
962975280 4294971601000001 0
1062975306 4294971701000001 0
1162975213 4294971801000001 0
1262975146 4294971901000001 0
1362975240 4294972001000001 0
1462974946 4294972101000001 0
1562975186 4294972201000001 0
1662975280 4294972301000001 0
1762975173 4294972401000001 0
1862974946 4294972501000001 0
1962975306 4294972601000001 0
2062975000 4294972701000001 0
2162975253 4294972801000001 0
2262975226 4294972901000001 0
2362975173 4294973001000001 0
2462975133 4294973101000001 0
2562974946 4294973201000001 0
2662975266 4294973301000001 0
2762975226 4294973401000001 0
2862975266 4294973501000001 0
2962975133 4294973601000001 0
3062975266 4294973701000001 0
3162975186 4294973801000001 0
3262975240 4294973901000001 0
3362975053 4294974001000001 0
3462975240 4294974101000001 0
3562975226 4294974201000001 0
3662975186 4294974301000001 0
3762975160 4294974401000001 0
3862975280 4294974501000001 0
3962974960 4294974601000001 0
4062974973 4294974701000001 0
4162975026 4294974801000001 0
4262975000 4294974901000001 0
4362975253 4294975001000001 0
4462975293 4294975101000001 0
4562975226 4294975201000001 0
4662975226 4294975301000001 0
4762975000 4294975401000001 0
4862975186 4294975501000001 0
4962975026 4294975601000001 0
5062975186 4294975701000001 0
5162974973 4294975801000001 0
5262975186 4294975901000001 0
5362975106 4294976001000001 0
