Detector: detector priority is 6
Detector: detector period is 100
Detector is finished, processed all frames.
Dumping output [ timeBefore timeAfter timeDifference heapFreeBefore heapFreeAfter detectedCollisions suspectedCollisions ] for 50 recorded detector runs, in ns
363055226 367398960 4343734 814240 804448 1 4
463803866 479067053 15263187 804352 775776 1 4
563806133 588054693 24248560 775680 738688 2 24
663800053 680057573 16257520 738592 705760 0 0
764233946 790117373 25883427 705664 666016 3 24
864234306 890556533 26322227 665920 626432 2 28
964250533 978502306 14251773 626336 597536 0 0
1064275893 1079951413 15675520 597440 568288 1 6
1164273053 1179230466 14957413 568192 538048 0 0
1264267533 1279596733 15329200 537952 506464 0 0
1364238293 1380643120 16404827 506368 473536 0 0
1464244840 1480581266 16336426 473440 440608 0 0
1564254506 1579241066 14986560 440512 410368 0 0
1664279440 1677080080 12800640 410272 384960 1 2
1764276960 1777841906 13564946 384864 357408 0 0
1864268000 1889288106 25020106 357312 318976 2 24
1964243293 1997267880 33024587 318880 274048 3 42
2064238760 2079019586 14780826 273952 243808 0 0
2164246866 2185320053 21073187 814528 779840 2 16
2264290760 2279843586 15552826 779744 750592 1 6
2364276813 2379669706 15392893 750496 721952 0 4
2464277533 2479640893 15363360 721856 690368 0 0
2564245640 2579991880 15746240 690272 658784 0 0
2664249866 2679537226 15287360 658688 627200 0 0
2764254600 2780013080 15758480 627104 595616 0 0
2864271666 2879502786 15231120 595520 566976 0 4
2964277373 2980215066 15937693 566880 537728 1 6
3064269520 3085229453 20959933 537632 502944 2 16
3164274733 3179889426 15614693 502848 471360 0 0
3264237586 3293963533 29725947 471264 429504 3 36
3364246946 3389078706 24831760 429408 391072 2 24
3464252946 3478523653 14270707 390976 362176 0 0
3564293093 3577060133 12767040 362080 336768 1 2
3664285266 3678399200 14113934 336672 307872 0 0
3764279053 3779653866 15374813 307776 276288 0 0
3864242546 3881226266 16983720 276192 242016 0 0
3964246133 3979868746 15622613 814528 783040 0 0
4064248880 4078437333 14188453 782944 754144 0 0
4164292973 4180203853 15910880 754048 724896 1 6
4264280960 4278522546 14241586 724800 696000 0 0
4364279293 4390937666 26658373 695904 656416 2 28
4464244746 4489990533 25745787 656320 616672 3 24
4564239066 4580362266 16123200 616576 583744 0 0
4664244973 4689436893 25191920 583648 545312 2 24
4764312866 4779091200 14778334 545216 516640 1 4
4864284733 4880220373 15935640 516544 487392 1 6
4964281786 4978938120 14656334 487296 457152 0 0
5064277093 5080681906 16404813 457056 424224 0 0
5164254600 5180273586 16018986 424128 391296 0 0
5264254520 5279972800 15718280 391200 359712 0 0
Generated frames: 50
Received (and measured) frames: 50
Frame not ready event count (in detector): 0
Frames dropped due to full buffer in detector: 0
Frames processed by detector: 50
Detector stop indicator set: true
Reported missed detector periods (reported by waitForNextPeriod): 0
Detector first release was scheduled for: 4294970901000001
362901773 4294970901000001 0
462901813 4294971001000001 0
562901826 4294971101000001 0
662901800 4294971201000001 0
762901826 4294971301000001 0
862901826 4294971401000001 0
962901946 4294971501000001 0
1062901866 4294971601000001 0
1162901866 4294971701000001 0
1262901853 4294971801000001 0
1362901840 4294971901000001 0
1462901893 4294972001000001 0
1562901880 4294972101000001 0
1662901920 4294972201000001 0
1762901773 4294972301000001 0
1862901746 4294972401000001 0
1962901826 4294972501000001 0
2062901800 4294972601000001 0
2162901773 4294972701000001 0
2262901893 4294972801000001 0
2362901840 4294972901000001 0
2462901853 4294973001000001 0
2562901920 4294973101000001 0
2662901800 4294973201000001 0
2762901920 4294973301000001 0
2862901826 4294973401000001 0
2962901906 4294973501000001 0
3062901800 4294973601000001 0
3162901906 4294973701000001 0
3262901786 4294973801000001 0
3362901813 4294973901000001 0
3462901906 4294974001000001 0
3562901853 4294974101000001 0
3662901853 4294974201000001 0
3762901973 4294974301000001 0
3862901813 4294974401000001 0
3962901826 4294974501000001 0
4062901866 4294974601000001 0
4162901840 4294974701000001 0
4262901746 4294974801000001 0
4362901773 4294974901000001 0
4462901880 4294975001000001 0
4562901880 4294975101000001 0
4662901866 4294975201000001 0
4762901746 4294975301000001 0
4862901800 4294975401000001 0
4962901880 4294975501000001 0
5062901866 4294975601000001 0
5162901786 4294975701000001 0
5262901866 4294975801000001 0
