Detector: detector priority is 6
Detector: detector period is 100
Detector is finished, processed all frames.
Dumping output [ timeBefore timeAfter timeDifference heapFreeBefore heapFreeAfter detectedCollisions suspectedCollisions ] for 50 recorded detector runs, in ns
210329506 214672933 4343427 814240 804448 1 4
311078146 326340880 15262734 804352 775776 1 4
411080613 435330373 24249760 775680 738688 2 24
511074146 527332386 16258240 738592 705760 0 0
611508533 637390560 25882027 705664 666016 3 24
711508453 737831266 26322813 665920 626432 2 28
811524533 825775840 14251307 626336 597536 0 0
911550546 927226160 15675614 597440 568288 1 6
1011547746 1026504373 14956627 568192 538048 0 0
1111541946 1126872186 15330240 537952 506464 0 0
1211512706 1227916866 16404160 506368 473536 0 0
1311519453 1327856120 16336667 473440 440608 0 0
1411528933 1426515506 14986573 440512 410368 0 0
1511553693 1524353640 12799947 410272 384960 1 2
1611549613 1625100853 13551240 384864 357408 0 0
1711542493 1736562266 25019773 357312 318976 2 24
1811517693 1844541813 33024120 318880 274048 3 42
1911513066 1926292346 14779280 273952 243808 0 0
2011521253 2032594066 21072813 814528 779840 2 16
2111565066 2127117480 15552414 779744 750592 1 6
2211551186 2226944733 15393547 750496 721952 0 4
2311551866 2326915826 15363960 721856 690368 0 0
2411519866 2427266066 15746200 690272 658784 0 0
2511524080 2526811533 15287453 658688 627200 0 0
2611527320 2627270173 15742853 627104 595616 0 0
2711545920 2726776866 15230946 595520 566976 0 4
2811551800 2827489480 15937680 566880 537728 1 6
2911543840 2932503720 20959880 537632 502944 2 16
3011549106 3027163253 15614147 502848 471360 0 0
3111512226 3141237906 29725680 471264 429504 3 36
3211521386 3236352080 24830694 429408 391072 2 24
3311527306 3325798133 14270827 390976 362176 0 0
3411567386 3424336066 12768680 362080 336768 1 2
3511559573 3525673546 14113973 336672 307872 0 0
3611552706 3626928000 15375294 307776 276288 0 0
3711516760 3728499386 16982626 276192 242016 0 0
3811521053 3827144346 15623293 814528 783040 0 0
3911523466 3925713200 14189734 782944 754144 0 0
4011567093 4027477626 15910533 754048 724896 1 6
4111555333 4125797106 14241773 724800 696000 0 0
4211553986 4238211320 26657334 695904 656416 2 28
4311519200 4337264866 25745666 656320 616672 3 24
4411513226 4427635880 16122654 616576 583744 0 0
4511518986 4536710093 25191107 583648 545312 2 24
4611587506 4626366520 14779014 545216 516640 1 4
4711559413 4727496373 15936960 516544 487392 1 6
4811556653 4826212680 14656027 487296 457152 0 0
4911551573 4927957026 16405453 457056 424224 0 0
5011529040 5027548826 16019786 424128 391296 0 0
5111528880 5127246800 15717920 391200 359712 0 0
Generated frames: 50
Received (and measured) frames: 50
Frame not ready event count (in detector): 0
Frames dropped due to full buffer in detector: 0
Frames processed by detector: 50
Detector stop indicator set: true
Reported missed detector periods (reported by waitForNextPeriod): 0
Detector first release was scheduled for: 4294970501000001
210176186 4294970501000001 0
310176226 4294970601000001 0
410176200 4294970701000001 0
510176280 4294970801000001 0
610176280 4294970901000001 0
710176213 4294971001000001 0
810176253 4294971101000001 0
910176280 4294971201000001 0
1010176320 4294971301000001 0
1110176320 4294971401000001 0
1210176333 4294971501000001 0
1310176253 4294971601000001 0
1410176253 4294971701000001 0
1510176226 4294971801000001 0
1610176226 4294971901000001 0
1710176266 4294972001000001 0
1810176200 4294972101000001 0
1910176293 4294972201000001 0
2010176200 4294972301000001 0
2110176213 4294972401000001 0
2210176306 4294972501000001 0
2310176186 4294972601000001 0
2410176200 4294972701000001 0
2510176146 4294972801000001 0
2610176226 4294972901000001 0
2710176213 4294973001000001 0
2810176333 4294973101000001 0
2910176306 4294973201000001 0
3010176253 4294973301000001 0
3110176280 4294973401000001 0
3210176253 4294973501000001 0
3310176240 4294973601000001 0
3410176280 4294973701000001 0
3510176186 4294973801000001 0
3610176226 4294973901000001 0
3710176280 4294974001000001 0
3810176346 4294974101000001 0
3910176266 4294974201000001 0
4010176213 4294974301000001 0
4110176213 4294974401000001 0
4210176226 4294974501000001 0
4310176280 4294974601000001 0
4410176253 4294974701000001 0
4510176133 4294974801000001 0
4610176186 4294974901000001 0
4710176266 4294975001000001 0
4810176253 4294975101000001 0
4910176320 4294975201000001 0
5010176320 4294975301000001 0
5110176280 4294975401000001 0
