Detector: detector priority is 6
Detector: detector period is 100
Detector is finished, processed all frames.
Dumping output [ timeBefore timeAfter timeDifference heapFreeBefore heapFreeAfter detectedCollisions suspectedCollisions ] for 50 recorded detector runs, in ns
210049680 214393560 4343880 814240 804448 1 4
310798320 326061253 15262933 804352 775776 1 4
410800920 435050133 24249213 775680 738688 2 24
510794520 527051480 16256960 738592 705760 0 0
611228906 637112026 25883120 705664 666016 3 24
711229000 737550853 26321853 665920 626432 2 28
811245240 825496000 14250760 626336 597536 0 0
911271120 926945400 15674280 597440 568288 1 6
1011267786 1026225333 14957547 568192 538048 0 0
1111262200 1126592200 15330000 537952 506464 0 0
1211233066 1227637546 16404480 506368 473536 0 0
1311239626 1327576520 16336894 473440 440608 0 0
1411248760 1426235146 14986386 440512 410368 0 0
1511273613 1524073600 12799987 410272 384960 1 2
1611269893 1624821133 13551240 384864 357408 0 0
1711263053 1736282480 25019427 357312 318976 2 24
1811237813 1844261680 33023867 318880 274048 3 42
1911233120 1926013986 14780866 273952 243808 0 0
2011241733 2032314986 21073253 814528 779840 2 16
2111285266 2126837413 15552147 779744 750592 1 6
2211271400 2226664240 15392840 750496 721952 0 4
2311272360 2326635853 15363493 721856 690368 0 0
2411240120 2426985986 15745866 690272 658784 0 0
2511244760 2526531026 15286266 658688 627200 0 0
2611247626 2626990480 15742854 627104 595616 0 0
2711266280 2726497786 15231506 595520 566976 0 4
2811271800 2827209360 15937560 566880 537728 1 6
2911264426 2932223546 20959120 537632 502944 2 16
3011269240 3026882560 15613320 502848 471360 0 0
3111232226 3140958880 29726654 471264 429504 3 36
3211241826 3236072040 24830214 429408 391072 2 24
3311247693 3325518586 14270893 390976 362176 0 0
3411287693 3424056226 12768533 362080 336768 1 2
3511280000 3525393600 14113600 336672 307872 0 0
3611273120 3626647400 15374280 307776 276288 0 0
3711237160 3728221240 16984080 276192 242016 0 0
3811241000 3826863613 15622613 814528 783040 0 0
3911243773 3925432146 14188373 782944 754144 0 0
4011287266 4027197746 15910480 754048 724896 1 6
4111275813 4125517093 14241280 724800 696000 0 0
4211274013 4237931773 26657760 695904 656416 2 28
4311239800 4336986360 25746560 656320 616672 3 24
4411233520 4427356853 16123333 616576 583744 0 0
4511239373 4536430906 25191533 583648 545312 2 24
4611307453 4626087026 14779573 545216 516640 1 4
4711279160 4727216400 15937240 516544 487392 1 6
4811276080 4825931720 14655640 487296 457152 0 0
4911271613 4927676786 16405173 457056 424224 0 0
5011249560 5027269720 16020160 424128 391296 0 0
5111249506 5126968453 15718947 391200 359712 0 0
Generated frames: 50
Received (and measured) frames: 50
Frame not ready event count (in detector): 0
Frames dropped due to full buffer in detector: 0
Frames processed by detector: 50
Detector stop indicator set: true
Reported missed detector periods (reported by waitForNextPeriod): 0
Detector first release was scheduled for: 4294970501000001
209896413 4294970501000001 0
309896506 4294970601000001 0
409896453 4294970701000001 0
509896506 4294970801000001 0
609896613 4294970901000001 0
709896573 4294971001000001 0
809896493 4294971101000001 0
909896533 4294971201000001 0
1009896640 4294971301000001 0
1109896493 4294971401000001 0
1209896533 4294971501000001 0
1309896533 4294971601000001 0
1409896480 4294971701000001 0
1509896493 4294971801000001 0
1609896506 4294971901000001 0
1709896573 4294972001000001 0
1809896573 4294972101000001 0
1909896520 4294972201000001 0
2009896573 4294972301000001 0
2109896453 4294972401000001 0
2209896546 4294972501000001 0
2309896533 4294972601000001 0
2409896480 4294972701000001 0
2509896586 4294972801000001 0
2609896533 4294972901000001 0
2709896560 4294973001000001 0
2809896453 4294973101000001 0
2909896613 4294973201000001 0
3009896600 4294973301000001 0
3109896546 4294973401000001 0
3209896626 4294973501000001 0
3309896546 4294973601000001 0
3409896493 4294973701000001 0
3509896480 4294973801000001 0
3609896613 4294973901000001 0
3709896546 4294974001000001 0
3809896626 4294974101000001 0
3909896520 4294974201000001 0
4009896533 4294974301000001 0
4109896600 4294974401000001 0
4209896493 4294974501000001 0
4309896626 4294974601000001 0
4409896573 4294974701000001 0
4509896453 4294974801000001 0
4609896586 4294974901000001 0
4709896520 4294975001000001 0
4809896453 4294975101000001 0
4909896480 4294975201000001 0
5009896573 4294975301000001 0
5109896546 4294975401000001 0
