Detector: detector priority is 6
Detector: detector period is 100
Detector is finished, processed all frames.
Dumping output [ timeBefore timeAfter timeDifference heapFreeBefore heapFreeAfter detectedCollisions suspectedCollisions ] for 50 recorded detector runs, in ns
180240466 184584186 4343720 814240 804448 1 4
280987973 296238453 15250480 804352 775776 1 4
380991840 405239480 24247640 775680 738688 2 24
480985120 497243666 16258546 738592 705760 0 0
581419346 607301160 25881814 705664 666016 3 24
681419546 707740773 26321227 665920 626432 2 28
781435480 795686680 14251200 626336 597536 0 0
881461213 897136720 15675507 597440 568288 1 6
981458480 996416413 14957933 568192 538048 0 0
1081452986 1096782720 15329734 537952 506464 0 0
1181423693 1197827186 16403493 506368 473536 0 0
1281430333 1297765786 16335453 473440 440608 0 0
1381439613 1396425920 14986307 440512 410368 0 0
1481464573 1494264906 12800333 410272 384960 1 2
1581462080 1595026453 13564373 384864 357408 0 0
1681453346 1706462240 25008894 357312 318976 2 24
1781428240 1814452720 33024480 318880 274048 3 42
1881424066 1896204973 14780907 273952 243808 0 0
1981432373 2002504933 21072560 814528 779840 2 16
2081476026 2097028506 15552480 779744 750592 1 6
2181462026 2196855120 15393094 750496 721952 0 4
2281462800 2296827000 15364200 721856 690368 0 0
2381431053 2397177106 15746053 690272 658784 0 0
2481435253 2496722800 15287547 658688 627200 0 0
2581440000 2597190680 15750680 627104 595616 0 0
2681456946 2696688040 15231094 595520 566976 0 4
2781462746 2797399933 15937187 566880 537728 1 6
2881454626 2902414360 20959734 537632 502944 2 16
2981459853 2997073960 15614107 502848 471360 0 0
3081422613 3111148146 29725533 471264 429504 3 36
3181432373 3206263480 24831107 429408 391072 2 24
3281438226 3295709200 14270974 390976 362176 0 0
3381478266 3394247386 12769120 362080 336768 1 2
3481470400 3495584266 14113866 336672 307872 0 0
3581463586 3596837720 15374134 307776 276288 0 0
3681427373 3698411466 16984093 276192 242016 0 0
3781431813 3797054453 15622640 814528 783040 0 0
3881434040 3895624053 14190013 782944 754144 0 0
3981477920 3997388333 15910413 754048 724896 1 6
4081466306 4095707546 14241240 724800 696000 0 0
4181465133 4208122680 26657547 695904 656416 2 28
4281429960 4307176213 25746253 656320 616672 3 24
4381424160 4397548040 16123880 616576 583744 0 0
4481430146 4506621786 25191640 583648 545312 2 24
4581498026 4596276920 14778894 545216 516640 1 4
4681469933 4697406186 15936253 516544 487392 1 6
4781467280 4796124373 14657093 487296 457152 0 0
4881462600 4897868040 16405440 457056 424224 0 0
4981440093 4997458960 16018867 424128 391296 0 0
5081440053 5097158453 15718400 391200 359712 0 0
Generated frames: 50
Received (and measured) frames: 50
Frame not ready event count (in detector): 0
Frames dropped due to full buffer in detector: 0
Frames processed by detector: 50
Detector stop indicator set: true
Reported missed detector periods (reported by waitForNextPeriod): 0
Detector first release was scheduled for: 4294970501000001
180087093 4294970501000001 0
280087120 4294970601000001 0
380087200 4294970701000001 0
480087093 4294970801000001 0
580087040 4294970901000001 0
680087106 4294971001000001 0
780087146 4294971101000001 0
880087106 4294971201000001 0
980087146 4294971301000001 0
1080087253 4294971401000001 0
1180087253 4294971501000001 0
1280087133 4294971601000001 0
1380087080 4294971701000001 0
1480087133 4294971801000001 0
1580087106 4294971901000001 0
1680087226 4294972001000001 0
1780087160 4294972101000001 0
1880087200 4294972201000001 0
1980087120 4294972301000001 0
2080087093 4294972401000001 0
2180087200 4294972501000001 0
2280087106 4294972601000001 0
2380087133 4294972701000001 0
2480087213 4294972801000001 0
2580087146 4294972901000001 0
2680087213 4294973001000001 0
2780087066 4294973101000001 0
2880087120 4294973201000001 0
2980087066 4294973301000001 0
3080087160 4294973401000001 0
3180087160 4294973501000001 0
3280087133 4294973601000001 0
3380087200 4294973701000001 0
3480087173 4294973801000001 0
3580087146 4294973901000001 0
3680087160 4294974001000001 0
3780087080 4294974101000001 0
3880087040 4294974201000001 0
3980087160 4294974301000001 0
4080087186 4294974401000001 0
4180087160 4294974501000001 0
4280087146 4294974601000001 0
4380087186 4294974701000001 0
4480087146 4294974801000001 0
4580087026 4294974901000001 0
4680087093 4294975001000001 0
4780087133 4294975101000001 0
4880087040 4294975201000001 0
4980087133 4294975301000001 0
5080087093 4294975401000001 0
