Detector: detector priority is 6
Detector: detector period is 100
Detector is finished, processed all frames.
Dumping output [ timeBefore timeAfter timeDifference heapFreeBefore heapFreeAfter detectedCollisions suspectedCollisions ] for 50 recorded detector runs, in ns
220016933 224361120 4344187 814240 804448 1 4
320765426 336027960 15262534 804352 775776 1 4
420768186 445017346 24249160 775680 738688 2 24
520761573 537019586 16258013 738592 705760 0 0
621195733 647077120 25881387 705664 666016 3 24
721196093 747518533 26322440 665920 626432 2 28
821212133 835463733 14251600 626336 597536 0 0
921237626 936912573 15674947 597440 568288 1 6
1021235080 1036191373 14956293 568192 538048 0 0
1121229306 1136559333 15330027 537952 506464 0 0
1221199560 1237604000 16404440 506368 473536 0 0
1321206680 1337544026 16337346 473440 440608 0 0
1421216120 1436202440 14986320 440512 410368 0 0
1521240813 1534041466 12800653 410272 384960 1 2
1621236960 1634788200 13551240 384864 357408 0 0
1721229786 1746248866 25019080 357312 318976 2 24
1821204866 1854228880 33024014 318880 274048 3 42
1921200146 1935980800 14780654 273952 243808 0 0
2021208733 2042281093 21072360 814528 779840 2 16
2121252413 2136804786 15552373 779744 750592 1 6
2221238226 2236631706 15393480 750496 721952 0 4
2321239360 2336603640 15364280 721856 690368 0 0
2421207160 2436952746 15745586 690272 658784 0 0
2521211613 2536499040 15287427 658688 627200 0 0
2621214666 2636957520 15742854 627104 595616 0 0
2721233066 2736464533 15231467 595520 566976 0 4
2821238946 2837176866 15937920 566880 537728 1 6
2921231320 2942191640 20960320 537632 502944 2 16
3021236320 3036850666 15614346 502848 471360 0 0
3121199573 3150926480 29726907 471264 429504 3 36
3221208680 3246038640 24829960 429408 391072 2 24
3321214720 3335485146 14270426 390976 362176 0 0
3421254906 3434023026 12768120 362080 336768 1 2
3521246680 3535360266 14113586 336672 307872 0 0
3621239906 3636613906 15374000 307776 276288 0 0
3721204093 3738187600 16983507 276192 242016 0 0
3821208240 3836831040 15622800 814528 783040 0 0
3921210560 3935399933 14189373 782944 754144 0 0
4021254533 4037164666 15910133 754048 724896 1 6
4121242653 4135484520 14241867 724800 696000 0 0
4221241080 4247898706 26657626 695904 656416 2 28
4321206346 4346952746 25746400 656320 616672 3 24
4421200680 4437324440 16123760 616576 583744 0 0
4521206333 4546397853 25191520 583648 545312 2 24
4621274653 4636054266 14779613 545216 516640 1 4
4721246440 4737182600 15936160 516544 487392 1 6
4821243866 4835900293 14656427 487296 457152 0 0
4921238813 4937644160 16405347 457056 424224 0 0
5021216400 5037235920 16019520 424128 391296 0 0
5121216120 5136934946 15718826 391200 359712 0 0
Generated frames: 50
Received (and measured) frames: 50
Frame not ready event count (in detector): 0
Frames dropped due to full buffer in detector: 0
Frames processed by detector: 50
Detector stop indicator set: true
Reported missed detector periods (reported by waitForNextPeriod): 0
Detector first release was scheduled for: 4294970501000001
219863546 4294970501000001 0
319863573 4294970601000001 0
419863626 4294970701000001 0
519863506 4294970801000001 0
619863466 4294970901000001 0
719863586 4294971001000001 0
819863493 4294971101000001 0
919863560 4294971201000001 0
1019863586 4294971301000001 0
1119863586 4294971401000001 0
1219863453 4294971501000001 0
1319863600 4294971601000001 0
1419863613 4294971701000001 0
1519863520 4294971801000001 0
1619863573 4294971901000001 0
1719863546 4294972001000001 0
1819863466 4294972101000001 0
1919863560 4294972201000001 0
2019863640 4294972301000001 0
2119863626 4294972401000001 0
2219863493 4294972501000001 0
2319863533 4294972601000001 0
2419863573 4294972701000001 0
2519863533 4294972801000001 0
2619863573 4294972901000001 0
2719863546 4294973001000001 0
2819863600 4294973101000001 0
2919863546 4294973201000001 0
3019863533 4294973301000001 0
3119863520 4294973401000001 0
3219863520 4294973501000001 0
3319863520 4294973601000001 0
3419863573 4294973701000001 0
3519863613 4294973801000001 0
3619863600 4294973901000001 0
3719863506 4294974001000001 0
3819863520 4294974101000001 0
3919863453 4294974201000001 0
4019863546 4294974301000001 0
4119863506 4294974401000001 0
4219863480 4294974501000001 0
4319863520 4294974601000001 0
4419863480 4294974701000001 0
4519863493 4294974801000001 0
4619863586 4294974901000001 0
4719863546 4294975001000001 0
4819863640 4294975101000001 0
4919863506 4294975201000001 0
5019863573 4294975301000001 0
5119863560 4294975401000001 0
