Detector: detector priority is 6
Detector: detector period is 100
Detector is finished, processed all frames.
Dumping output [ timeBefore timeAfter timeDifference heapFreeBefore heapFreeAfter detectedCollisions suspectedCollisions ] for 50 recorded detector runs, in ns
171473360 178869240 7395880 814624 805152 1 4
272235840 298906746 26670906 805056 776800 1 4
372238373 410338840 38100467 776704 740032 2 24
472231120 502264120 30033000 739936 707424 0 0
572682293 613742280 41059987 707328 668000 3 24
672682320 713777973 41095653 667904 628736 2 28
772699266 798771280 26072014 628640 600160 0 0
872716160 899911906 27195746 600064 571232 1 6
972712813 1000134893 27422080 571136 541312 0 0
1072707386 1101160826 28453440 541216 510048 0 0
1172685746 1202854466 30168720 509952 477440 0 0
1272693226 1302799626 30106400 477344 444832 0 0
1372702493 1400159040 27456547 444736 414912 0 0
1472718200 1495510653 22792453 414816 389824 1 2
1572715973 1597464026 24748053 389728 362592 0 0
1672706733 1712261306 39554573 362496 324480 2 24
1772688506 1821913453 49224947 324384 279872 3 42
1872684720 1899940720 27256000 279776 249952 0 0
1972693426 2007159813 34466387 249856 215488 2 16
2072730413 2099817466 27087053 814912 786080 1 6
2172716520 2200169453 27452933 785984 757760 0 4
2272717573 2301219640 28502067 757664 726496 0 0
2372693320 2401558466 28865146 726400 695232 0 0
2472698213 2501122346 28424133 695136 663968 0 0
2572702573 2601591280 28888707 663872 632704 0 0
2672720573 2700030626 27310053 632608 604384 0 4
2772715653 2800163440 27447787 604288 575456 1 6
2872709400 2907071066 34361666 575360 540992 2 16
2972715200 3001455560 28740360 540896 509728 0 0
3072686066 3117645493 44959427 509632 468192 3 36
3172695413 3212063613 39368200 468096 430080 2 24
3272701386 3298791973 26090587 429984 401504 0 0
3372733600 3395490333 22756733 401408 376416 1 2
3472724973 3498659706 25934733 376320 347840 0 0
3572718120 3601216800 28498680 347744 316576 0 0
3672690106 3704090560 31400454 316480 282624 0 0
3772693906 3801434000 28740094 282528 251360 0 0
3872696320 3898708800 26012480 251264 222784 0 0
3972732093 4000166240 27434147 222688 193856 1 6
4072719346 4098795893 26076547 814912 786432 0 0
4172718693 4214143066 41424373 786336 747168 2 28
4272691626 4313618346 40926720 747072 707744 3 24
4372685040 4402589960 29904920 707648 675136 0 0
4472691093 4512412813 39721720 675040 637024 2 24
4572753680 4598952933 26199253 636928 608672 1 4
4672724106 4700188120 27464014 608576 579744 1 6
4772721826 4799867040 27145214 579648 549824 0 0
4872716480 4902897480 30181000 549728 517216 0 0
4972702466 5002512933 29810467 517120 484608 0 0
5072702653 5101550066 28847413 484512 453344 0 0
Generated frames: 50
Received (and measured) frames: 50
Frame not ready event count (in detector): 0
Frames dropped due to full buffer in detector: 0
Frames processed by detector: 50
Detector stop indicator set: true
Reported missed detector periods (reported by waitForNextPeriod): 0
Detector first release was scheduled for: 4294970501000001
171318773 4294970501000001 0
271318840 4294970601000001 0
371318800 4294970701000001 0
471318720 4294970801000001 0
571318720 4294970901000001 0
671318786 4294971001000001 0
771318813 4294971101000001 0
871318760 4294971201000001 0
971318840 4294971301000001 0
1071318733 4294971401000001 0
1171318800 4294971501000001 0
1271318786 4294971601000001 0
1371318800 4294971701000001 0
1471318826 4294971801000001 0
1571318893 4294971901000001 0
1671318773 4294972001000001 0
1771318733 4294972101000001 0
1871318720 4294972201000001 0
1971318840 4294972301000001 0
2071318906 4294972401000001 0
2171318800 4294972501000001 0
2271318800 4294972601000001 0
2371318813 4294972701000001 0
2471318840 4294972801000001 0
2571318866 4294972901000001 0
2671318746 4294973001000001 0
2771318840 4294973101000001 0
2871318893 4294973201000001 0
2971318840 4294973301000001 0
3071318866 4294973401000001 0
3171318720 4294973501000001 0
3271318773 4294973601000001 0
3371318746 4294973701000001 0
3471318853 4294973801000001 0
3571318773 4294973901000001 0
3671318813 4294974001000001 0
3771318906 4294974101000001 0
3871318853 4294974201000001 0
3971318773 4294974301000001 0
4071318840 4294974401000001 0
4171318826 4294974501000001 0
4271318760 4294974601000001 0
4371318773 4294974701000001 0
4471318720 4294974801000001 0
4571318853 4294974901000001 0
4671318786 4294975001000001 0
4771318786 4294975101000001 0
4871318800 4294975201000001 0
4971318786 4294975301000001 0
5071318760 4294975401000001 0
