Detector: detector priority is 6
Detector: detector period is 100
Detector is finished, processed all frames.
Dumping output [ timeBefore timeAfter timeDifference heapFreeBefore heapFreeAfter detectedCollisions suspectedCollisions ] for 50 recorded detector runs, in ns
177044986 184440786 7395800 814624 805152 1 4
277807093 304455840 26648747 805056 776800 1 4
377809733 415951146 38141413 776704 740032 2 24
477802853 507835773 30032920 739936 707424 0 0
578253933 619312906 41058973 707328 668000 3 24
678253640 719348733 41095093 667904 628736 2 28
778270480 804341680 26071200 628640 600160 0 0
878287640 905484293 27196653 600064 571232 1 6
978284680 1005707080 27422400 571136 541312 0 0
1078278773 1106733373 28454600 541216 510048 0 0
1178257573 1208426493 30168920 509952 477440 0 0
1278264906 1308371800 30106894 477344 444832 0 0
1378274413 1405730426 27456013 444736 414912 0 0
1478289826 1501082440 22792614 414816 389824 1 2
1578287466 1603036080 24748614 389728 362592 0 0
1678276640 1717800933 39524293 362496 324480 2 24
1778261546 1827517266 49255720 324384 279872 3 42
1878256520 1905513546 27257026 279776 249952 0 0
1978265013 2012730400 34465387 249856 215488 2 16
2078302226 2105389306 27087080 814912 786080 1 6
2178288173 2205741466 27453293 785984 757760 0 4
2278288800 2306790293 28501493 757664 726496 0 0
2378264533 2407129880 28865347 726400 695232 0 0
2478270040 2506693360 28423320 695136 663968 0 0
2578274013 2607163186 28889173 663872 632704 0 0
2678290520 2705577146 27286626 632608 604384 0 4
2778288946 2805758426 27469480 604288 575456 1 6
2878281053 2912642906 34361853 575360 540992 2 16
2978286880 3007026653 28739773 540896 509728 0 0
3078257440 3123216626 44959186 509632 468192 3 36
3178267453 3217636213 39368760 468096 430080 2 24
3278273186 3304364306 26091120 429984 401504 0 0
3378305013 3401062333 22757320 401408 376416 1 2
3478296613 3504231573 25934960 376320 347840 0 0
3578289800 3606788413 28498613 347744 316576 0 0
3678261666 3709662266 31400600 316480 282624 0 0
3778265306 3807006226 28740920 282528 251360 0 0
3878267866 3904280213 26012347 251264 222784 0 0
3978303373 4005737893 27434520 222688 193856 1 6
4078290586 4104367493 26076907 814912 786432 0 0
4178290333 4219714826 41424493 786336 747168 2 28
4278263693 4319191346 40927653 747072 707744 3 24
4378256800 4408160800 29904000 707648 675136 0 0
4478262360 4517984320 39721960 675040 637024 2 24
4578324880 4604524520 26199640 636928 608672 1 4
4678295986 4705760266 27464280 608576 579744 1 6
4778293586 4805439240 27145654 579648 549824 0 0
4878287906 4908468026 30180120 549728 517216 0 0
4978274093 5008085746 29811653 517120 484608 0 0
5078274200 5107121720 28847520 484512 453344 0 0
Generated frames: 50
Received (and measured) frames: 50
Frame not ready event count (in detector): 0
Frames dropped due to full buffer in detector: 0
Frames processed by detector: 50
Detector stop indicator set: true
Reported missed detector periods (reported by waitForNextPeriod): 0
Detector first release was scheduled for: 4294970501000001
176890346 4294970501000001 0
276890333 4294970601000001 0
376890400 4294970701000001 0
476890320 4294970801000001 0
576890360 4294970901000001 0
676890426 4294971001000001 0
776890253 4294971101000001 0
876890320 4294971201000001 0
976890346 4294971301000001 0
1076890386 4294971401000001 0
1176890413 4294971501000001 0
1276890346 4294971601000001 0
1376890360 4294971701000001 0
1476890426 4294971801000001 0
1576890280 4294971901000001 0
1676890373 4294972001000001 0
1776890373 4294972101000001 0
1876890360 4294972201000001 0
1976890413 4294972301000001 0
2076890373 4294972401000001 0
2176890453 4294972501000001 0
2276890320 4294972601000001 0
2376890333 4294972701000001 0
2476890306 4294972801000001 0
2576890346 4294972901000001 0
2676890346 4294973001000001 0
2776890440 4294973101000001 0
2876890386 4294973201000001 0
2976890400 4294973301000001 0
3076890426 4294973401000001 0
3176890306 4294973501000001 0
3276890480 4294973601000001 0
3376890426 4294973701000001 0
3476890440 4294973801000001 0
3576890333 4294973901000001 0
3676890306 4294974001000001 0
3776890306 4294974101000001 0
3876890293 4294974201000001 0
3976890360 4294974301000001 0
4076890333 4294974401000001 0
4176890386 4294974501000001 0
4276890426 4294974601000001 0
4376890440 4294974701000001 0
4476890253 4294974801000001 0
4576890253 4294974901000001 0
4676890320 4294975001000001 0
4776890373 4294975101000001 0
4876890306 4294975201000001 0
4976890293 4294975301000001 0
5076890306 4294975401000001 0
