Detector: detector priority is 6
Detector: detector period is 100
Detector is finished, processed all frames.
Dumping output [ timeBefore timeAfter timeDifference heapFreeBefore heapFreeAfter detectedCollisions suspectedCollisions ] for 50 recorded detector runs, in ns
176631506 184019133 7387627 814624 805152 1 4
277392893 304059333 26666440 805056 776800 1 4
377395413 415534173 38138760 776704 740032 2 24
477389986 507422493 30032507 739936 707424 0 0
577840826 618902186 41061360 707328 668000 3 24
677840680 718936266 41095586 667904 628736 2 28
777857346 803927786 26070440 628640 600160 0 0
877874200 905069853 27195653 600064 571232 1 6
977871613 1005295053 27423440 571136 541312 0 0
1077865813 1106318840 28453027 541216 510048 0 0
1177844120 1208013480 30169360 509952 477440 0 0
1277851386 1307956173 30104787 477344 444832 0 0
1377861133 1405316600 27455467 444736 414912 0 0
1477876413 1500669560 22793147 414816 389824 1 2
1577874160 1602621800 24747640 389728 362592 0 0
1677863306 1717376506 39513200 362496 324480 2 24
1777848306 1827105480 49257174 324384 279872 3 42
1877842866 1905099080 27256214 279776 249952 0 0
1977852013 2012317360 34465347 249856 215488 2 16
2077888786 2104975986 27087200 814912 786080 1 6
2177874746 2205328120 27453374 785984 757760 0 4
2277875626 2306376760 28501134 757664 726496 0 0
2377851480 2406718400 28866920 726400 695232 0 0
2477856466 2506280560 28424094 695136 663968 0 0
2577861066 2606749320 28888254 663872 632704 0 0
2677877346 2705159426 27282080 632608 604384 0 4
2777875786 2805345653 27469867 604288 575456 1 6
2877867786 2912229840 34362054 575360 540992 2 16
2977873546 3006612506 28738960 540896 509728 0 0
3077844040 3122803466 44959426 509632 468192 3 36
3177853933 3217223120 39369187 468096 430080 2 24
3277859720 3303951666 26091946 429984 401504 0 0
3377891853 3400647800 22755947 401408 376416 1 2
3477883240 3503817213 25933973 376320 347840 0 0
3577876520 3606375853 28499333 347744 316576 0 0
3677848280 3709249360 31401080 316480 282624 0 0
3777852253 3806591906 28739653 282528 251360 0 0
3877854786 3903866560 26011774 251264 222784 0 0
3977890213 4005324933 27434720 222688 193856 1 6
4077877640 4103954666 26077026 814912 786432 0 0
4177877080 4219301253 41424173 786336 747168 2 28
4277849533 4318776346 40926813 747072 707744 3 24
4377843320 4407748426 29905106 707648 675136 0 0
4477849600 4517572093 39722493 675040 637024 2 24
4577911746 4604111400 26199654 636928 608672 1 4
4677882960 4705346866 27463906 608576 579744 1 6
4777880133 4805023826 27143693 579648 549824 0 0
4877875040 4908056413 30181373 549728 517216 0 0
4977860893 5007671680 29810787 517120 484608 0 0
5077860853 5106707333 28846480 484512 453344 0 0
Generated frames: 50
Received (and measured) frames: 50
Frame not ready event count (in detector): 0
Frames dropped due to full buffer in detector: 0
Frames processed by detector: 50
Detector stop indicator set: true
Reported missed detector periods (reported by waitForNextPeriod): 0
Detector first release was scheduled for: 4294970501000001
176477053 4294970501000001 0
276477173 4294970601000001 0
376477120 4294970701000001 0
476477120 4294970801000001 0
576477240 4294970901000001 0
676477200 4294971001000001 0
776477106 4294971101000001 0
876477186 4294971201000001 0
976477146 4294971301000001 0
1076477133 4294971401000001 0
1176477133 4294971501000001 0
1276477053 4294971601000001 0
1376477040 4294971701000001 0
1476477186 4294971801000001 0
1576477146 4294971901000001 0
1676477040 4294972001000001 0
1776477066 4294972101000001 0
1876477200 4294972201000001 0
1976477173 4294972301000001 0
2076477133 4294972401000001 0
2176477093 4294972501000001 0
2276477093 4294972601000001 0
2376477080 4294972701000001 0
2476477146 4294972801000001 0
2576477093 4294972901000001 0
2676477173 4294973001000001 0
2776477080 4294973101000001 0
2876477120 4294973201000001 0
2976477146 4294973301000001 0
3076477160 4294973401000001 0
3176477240 4294973501000001 0
3276477133 4294973601000001 0
3376477040 4294973701000001 0
3476477040 4294973801000001 0
3576477173 4294973901000001 0
3676477173 4294974001000001 0
3776477080 4294974101000001 0
3876477106 4294974201000001 0
3976477080 4294974301000001 0
4076477133 4294974401000001 0
4176477040 4294974501000001 0
4276477106 4294974601000001 0
4376477240 4294974701000001 0
4476477200 4294974801000001 0
4576477066 4294974901000001 0
4676477106 4294975001000001 0
4776477080 4294975101000001 0
4876477173 4294975201000001 0
4976477160 4294975301000001 0
5076477066 4294975401000001 0
