Detector: detector priority is 6
Detector: detector period is 100
Detector is finished, processed all frames.
Dumping output [ timeBefore timeAfter timeDifference heapFreeBefore heapFreeAfter detectedCollisions suspectedCollisions ] for 50 recorded detector runs, in ns
450150146 455458240 5308094 814176 798048 1 4
550925373 569443786 18518413 797952 743072 1 4
650926880 680288440 29361560 742976 676608 2 24
750920293 770807440 19887147 676512 611232 0 0
851371560 882705493 31333933 611136 539040 3 24
951371973 983268080 31896107 538944 468544 2 28
1051388573 1068750026 17361453 468448 411808 0 0
1151407480 1170473200 19065720 411712 356256 1 6
1251404573 1269644720 18240147 356160 296640 0 0
1351399280 1370178880 18779600 296544 234144 0 0
1451375520 1471412706 20037186 814528 749248 0 0
1551383573 1571356480 19972907 749152 683872 0 0
1651392266 1669670560 18278294 683776 624256 0 0
1751410040 1766958586 15548546 624160 575616 1 2
1851407333 1867918746 16511413 575520 521760 0 0
1951398453 1981705560 30307107 521664 452416 2 24
2051380213 2091234400 39854187 452320 375040 3 42
2151374946 2169435266 18060320 374944 315424 0 0
2251383986 2276937840 25553854 315328 251264 2 16
2351422826 2370357026 18934200 251168 195712 1 6
2451408946 2470215133 18806187 814528 758144 0 4
2551408306 2570224880 18816574 758048 695648 0 0
2651383373 2670589093 19205720 695552 633152 0 0
2751388480 2770122320 18733840 633056 570656 0 0
2851392240 2870618933 19226693 570560 508160 0 0
2951410653 2970059573 18648920 508064 451680 0 4
3051409026 3070750400 19341374 451584 396128 1 6
3151401000 3176859253 25458253 396032 331968 2 16
3251406893 3270481840 19074947 331872 269472 0 0
3351375840 3387286293 35910453 269376 196704 3 36
3451385533 3481497746 30112213 814528 745280 2 24
3551391253 3568773600 17382347 745184 688544 0 0
3651424946 3666931120 15506174 688448 639904 1 2
3751416960 3768635760 17218800 639808 583168 0 0
3851410106 3870235973 18825867 583072 520672 0 0
3951379133 3972165693 20786560 520576 452416 0 0
4051384093 4070469933 19085840 452320 389920 0 0
4151386453 4168689080 17302627 389824 333184 0 0
4251424520 4270740733 19316213 333088 277632 1 6
4351411373 4368775040 17363667 277536 220896 0 0
4451410680 4483659346 32248666 220800 150400 2 28
4551382013 4582586760 31204747 814528 742432 3 24
4651375600 4671124000 19748400 742336 677056 0 0
4751381586 4781861520 30479934 676960 607712 2 24
4851445560 4869456760 18011200 607616 552736 1 4
4951416453 4970753706 19337253 552640 497184 1 6
5051413733 5069344880 17931147 497088 437568 0 0
5151407386 5171445333 20037947 437472 372192 0 0
5251392093 5271034506 19642413 372096 306816 0 0
5351392200 5370578160 19185960 306720 244320 0 0
Generated frames: 50
Received (and measured) frames: 50
Frame not ready event count (in detector): 0
Frames dropped due to full buffer in detector: 0
Frames processed by detector: 50
Detector stop indicator set: true
Reported missed detector periods (reported by waitForNextPeriod): 0
Detector first release was scheduled for: 4294971101000001
449992653 4294971101000001 0
549992653 4294971201000001 0
649992840 4294971301000001 0
749992840 4294971401000001 0
849992706 4294971501000001 0
949992800 4294971601000001 0
1049992706 4294971701000001 0
1149992733 4294971801000001 0
1249992733 4294971901000001 0
1349992826 4294972001000001 0
1449992680 4294972101000001 0
1549992680 4294972201000001 0
1649992680 4294972301000001 0
1749992773 4294972401000001 0
1849992693 4294972501000001 0
1949992813 4294972601000001 0
2049992666 4294972701000001 0
2149992720 4294972801000001 0
2249992706 4294972901000001 0
2349992800 4294973001000001 0
2449992800 4294973101000001 0
2549992653 4294973201000001 0
2649992786 4294973301000001 0
2749992733 4294973401000001 0
2849992706 4294973501000001 0
2949992733 4294973601000001 0
3049992826 4294973701000001 0
3149992746 4294973801000001 0
3249992760 4294973901000001 0
3349992733 4294974001000001 0
3449992693 4294974101000001 0
3549992666 4294974201000001 0
3649992760 4294974301000001 0
3749992773 4294974401000001 0
3849992800 4294974501000001 0
3949992706 4294974601000001 0
4049992706 4294974701000001 0
4149992666 4294974801000001 0
4249992746 4294974901000001 0
4349992826 4294975001000001 0
4449992706 4294975101000001 0
4549992773 4294975201000001 0
4649992693 4294975301000001 0
4749992773 4294975401000001 0
4849992680 4294975501000001 0
4949992800 4294975601000001 0
5049992786 4294975701000001 0
5149992746 4294975801000001 0
5249992800 4294975901000001 0
5349992706 4294976001000001 0
