Detector: detector priority is 6
Detector: detector period is 100
Detector is finished, processed all frames.
Dumping output [ timeBefore timeAfter timeDifference heapFreeBefore heapFreeAfter detectedCollisions suspectedCollisions ] for 50 recorded detector runs, in ns
557915266 563223586 5308320 814176 798048 1 4
658690853 677209453 18518600 797952 743072 1 4
758691733 788052386 29360653 742976 676608 2 24
858685200 878572920 19887720 676512 611232 0 0
959136413 990470760 31334347 611136 539040 3 24
1059137000 1091033666 31896666 538944 468544 2 28
1159153746 1176516640 17362894 468448 411808 0 0
1259172826 1278237333 19064507 411712 356256 1 6
1359169760 1377410506 18240746 356160 296640 0 0
1459164306 1477943200 18778894 296544 234144 0 0
1559140760 1579178640 20037880 814528 749248 0 0
1659148746 1679123186 19974440 749152 683872 0 0
1759157533 1777434200 18276667 683776 624256 0 0
1859175453 1874723160 15547707 624160 575616 1 2
1959172693 1975685333 16512640 575520 521760 0 0
2059163186 2089469320 30306134 521664 452416 2 24
2159145600 2198997826 39852226 452320 375040 3 42
2259140506 2277199893 18059387 374944 315424 0 0
2359149040 2384701600 25552560 315328 251264 2 16
2459187613 2478123186 18935573 251168 195712 1 6
2559173400 2577979453 18806053 814528 758144 0 4
2659173520 2677989866 18816346 758048 695648 0 0
2759148586 2778354760 19206174 695552 633152 0 0
2859153293 2877888120 18734827 633056 570656 0 0
2959157120 2978383560 19226440 570560 508160 0 0
3059175546 3077824266 18648720 508064 451680 0 4
3159174053 3178516066 19342013 451584 396128 1 6
3259166333 3284625466 25459133 396032 331968 2 16
3359172226 3378246533 19074307 331872 269472 0 0
3459141240 3495051480 35910240 269376 196704 3 36
3559150813 3589262266 30111453 814528 745280 2 24
3659156493 3676538306 17381813 745184 688544 0 0
3759190693 3774696413 15505720 688448 639904 1 2
3859181653 3876399680 17218027 639808 583168 0 0
3959175493 3978001666 18826173 583072 520672 0 0
4059144026 4079930826 20786800 520576 452416 0 0
4159149133 4178234613 19085480 452320 389920 0 0
4259151746 4276455813 17304067 389824 333184 0 0
4359189400 4378505840 19316440 333088 277632 1 6
4459176213 4476538880 17362667 277536 220896 0 0
4559175826 4591423800 32247974 220800 150400 2 28
4659146933 4690351013 31204080 814528 742432 3 24
4759140800 4778888386 19747586 742336 677056 0 0
4859146626 4889625053 30478427 676960 607712 2 24
4959210893 4977221453 18010560 607616 552736 1 4
5059181373 5078518813 19337440 552640 497184 1 6
5159178893 5177109173 17930280 497088 437568 0 0
5259172373 5279210160 20037787 437472 372192 0 0
5359157053 5378800200 19643147 372096 306816 0 0
5459157093 5478343400 19186307 306720 244320 0 0
Generated frames: 50
Received (and measured) frames: 50
Frame not ready event count (in detector): 0
Frames dropped due to full buffer in detector: 0
Frames processed by detector: 50
Detector stop indicator set: true
Reported missed detector periods (reported by waitForNextPeriod): 0
Detector first release was scheduled for: 4294971301000001
557757800 4294971301000001 0
657757866 4294971401000001 0
757757760 4294971501000001 0
857757826 4294971601000001 0
957757880 4294971701000001 0
1057757853 4294971801000001 0
1157757853 4294971901000001 0
1257757813 4294972001000001 0
1357757853 4294972101000001 0
1457757933 4294972201000001 0
1557757853 4294972301000001 0
1657757880 4294972401000001 0
1757757866 4294972501000001 0
1857757853 4294972601000001 0
1957757920 4294972701000001 0
2057757866 4294972801000001 0
2157757866 4294972901000001 0
2257757826 4294973001000001 0
2357757866 4294973101000001 0
2457757760 4294973201000001 0
2557757746 4294973301000001 0
2657757866 4294973401000001 0
2757757946 4294973501000001 0
2857757880 4294973601000001 0
2957757866 4294973701000001 0
3057757920 4294973801000001 0
3157757786 4294973901000001 0
3257757760 4294974001000001 0
3357757840 4294974101000001 0
3457757840 4294974201000001 0
3557757893 4294974301000001 0
3657757866 4294974401000001 0
3757757853 4294974501000001 0
3857757746 4294974601000001 0
3957757920 4294974701000001 0
4057757826 4294974801000001 0
4157757866 4294974901000001 0
4257757800 4294975001000001 0
4357757866 4294975101000001 0
4457757800 4294975201000001 0
4557757760 4294975301000001 0
4657757786 4294975401000001 0
4757757773 4294975501000001 0
4857757906 4294975601000001 0
4957757880 4294975701000001 0
5057757906 4294975801000001 0
5157757760 4294975901000001 0
5257757840 4294976001000001 0
5357757986 4294976101000001 0
5457757906 4294976201000001 0
