Detector: detector priority is 6
Detector: detector period is 100
Detector is finished, processed all frames.
Dumping output [ timeBefore timeAfter timeDifference heapFreeBefore heapFreeAfter detectedCollisions suspectedCollisions ] for 50 recorded detector runs, in ns
171800066 179195360 7395294 814624 805152 1 4
272562466 299232853 26670387 805056 776800 1 4
372564773 410666040 38101267 776704 740032 2 24
472558053 502591440 30033387 739936 707424 0 0
573008720 614069733 41061013 707328 668000 3 24
673008800 714105173 41096373 667904 628736 2 28
773025746 799096266 26070520 628640 600160 0 0
873042653 900238880 27196227 600064 571232 1 6
973039813 1000461240 27421427 571136 541312 0 0
1073033706 1101487920 28454214 541216 510048 0 0
1173012253 1203180760 30168507 509952 477440 0 0
1273019826 1303126266 30106440 477344 444832 0 0
1373029106 1400485053 27455947 444736 414912 0 0
1473044760 1495838186 22793426 414816 389824 1 2
1573042653 1597789866 24747213 389728 362592 0 0
1673033293 1712588626 39555333 362496 324480 2 24
1773015266 1822239866 49224600 324384 279872 3 42
1873011320 1900267546 27256226 279776 249952 0 0
1973020093 2007485506 34465413 249856 215488 2 16
2073056986 2100144653 27087667 814912 786080 1 6
2173043200 2200496973 27453773 785984 757760 0 4
2273043906 2301546066 28502160 757664 726496 0 0
2373020173 2401886146 28865973 726400 695232 0 0
2473024880 2501447706 28422826 695136 663968 0 0
2573029306 2601917680 28888374 663872 632704 0 0
2673047146 2700358133 27310987 632608 604384 0 4
2773042253 2800489160 27446907 604288 575456 1 6
2873036186 2907398760 34362574 575360 540992 2 16
2973042026 3001781253 28739227 540896 509728 0 0
3073012226 3117972240 44960014 509632 468192 3 36
3173022146 3212392680 39370534 468096 430080 2 24
3273028106 3299119786 26091680 429984 401504 0 0
3373060453 3395817586 22757133 401408 376416 1 2
3473051626 3498985733 25934107 376320 347840 0 0
3573045000 3601544173 28499173 347744 316576 0 0
3673016786 3704417800 31401014 316480 282624 0 0
3773020506 3801760893 28740387 282528 251360 0 0
3873022666 3899034720 26012054 251264 222784 0 0
3973058653 4000492866 27434213 222688 193856 1 6
4073046066 4099121306 26075240 814912 786432 0 0
4173045493 4214469760 41424267 786336 747168 2 28
4273018506 4313944240 40925734 747072 707744 3 24
4373011600 4402916280 29904680 707648 675136 0 0
4473017600 4512740120 39722520 675040 637024 2 24
4573080266 4599279386 26199120 636928 608672 1 4
4673051120 4700515306 27464186 608576 579744 1 6
4773048666 4800192946 27144280 579648 549824 0 0
4873042840 4903222880 30180040 549728 517216 0 0
4973029346 5002839733 29810387 517120 484608 0 0
5073029280 5101876453 28847173 484512 453344 0 0
Generated frames: 50
Received (and measured) frames: 50
Frame not ready event count (in detector): 0
Frames dropped due to full buffer in detector: 0
Frames processed by detector: 50
Detector stop indicator set: true
Reported missed detector periods (reported by waitForNextPeriod): 0
Detector first release was scheduled for: 4294970501000001
171645426 4294970501000001 0
271645506 4294970601000001 0
371645506 4294970701000001 0
471645373 4294970801000001 0
571645373 4294970901000001 0
671645413 4294971001000001 0
771645466 4294971101000001 0
871645413 4294971201000001 0
971645533 4294971301000001 0
1071645480 4294971401000001 0
1171645453 4294971501000001 0
1271645546 4294971601000001 0
1371645413 4294971701000001 0
1471645520 4294971801000001 0
1571645480 4294971901000001 0
1671645466 4294972001000001 0
1771645493 4294972101000001 0
1871645400 4294972201000001 0
1971645426 4294972301000001 0
2071645520 4294972401000001 0
2171645453 4294972501000001 0
2271645480 4294972601000001 0
2371645453 4294972701000001 0
2471645466 4294972801000001 0
2571645413 4294972901000001 0
2671645440 4294973001000001 0
2771645440 4294973101000001 0
2871645400 4294973201000001 0
2971645426 4294973301000001 0
3071645400 4294973401000001 0
3171645440 4294973501000001 0
3271645453 4294973601000001 0
3371645493 4294973701000001 0
3471645386 4294973801000001 0
3571645440 4294973901000001 0
3671645573 4294974001000001 0
3771645400 4294974101000001 0
3871645466 4294974201000001 0
3971645440 4294974301000001 0
4071645493 4294974401000001 0
4171645480 4294974501000001 0
4271645453 4294974601000001 0
4371645386 4294974701000001 0
4471645453 4294974801000001 0
4571645560 4294974901000001 0
4671645546 4294975001000001 0
4771645520 4294975101000001 0
4871645373 4294975201000001 0
4971645413 4294975301000001 0
5071645520 4294975401000001 0
