Detector: detector priority is 6
Detector: detector period is 100
Detector is finished, processed all frames.
Dumping output [ timeBefore timeAfter timeDifference heapFreeBefore heapFreeAfter detectedCollisions suspectedCollisions ] for 50 recorded detector runs, in ns
861154066 866462666 5308600 814176 798048 1 4
961929600 980448400 18518800 797952 743072 1 4
1061930693 1091292373 29361680 742976 676608 2 24
1161923986 1181810600 19886614 676512 611232 0 0
1262375520 1293710693 31335173 611136 539040 3 24
1362375746 1394271800 31896054 538944 468544 2 28
1462392493 1479754306 17361813 468448 411808 0 0
1562411320 1581475800 19064480 411712 356256 1 6
1662408560 1680649586 18241026 356160 296640 0 0
1762403120 1781182493 18779373 296544 234144 0 0
1862379666 1882416173 20036507 814528 749248 0 0
1962387680 1982360706 19973026 749152 683872 0 0
2062396120 2080673786 18277666 683776 624256 0 0
2162414280 2177962480 15548200 624160 575616 1 2
2262411466 2278923080 16511614 575520 521760 0 0
2362401933 2392709213 30307280 521664 452416 2 24
2462384213 2502235613 39851400 452320 375040 3 42
2562379400 2580438866 18059466 374944 315424 0 0
2662388253 2687940946 25552693 315328 251264 2 16
2762426480 2781362240 18935760 251168 195712 1 6
2862412466 2881218440 18805974 814528 758144 0 4
2962412146 2981229653 18817507 758048 695648 0 0
3062387226 3081593386 19206160 695552 633152 0 0
3162392346 3181127026 18734680 633056 570656 0 0
3262396080 3281622746 19226666 570560 508160 0 0
3362414720 3381063346 18648626 508064 451680 0 4
3462412613 3481753786 19341173 451584 396128 1 6
3562405120 3587862573 25457453 396032 331968 2 16
3662410786 3681486173 19075387 331872 269472 0 0
3762379920 3798290546 35910626 269376 196704 3 36
3862389640 3892500480 30110840 814528 745280 2 24
3962395440 3979776853 17381413 745184 688544 0 0
4062429146 4077935306 15506160 688448 639904 1 2
4162420373 4179639120 17218747 639808 583168 0 0
4262413733 4281239813 18826080 583072 520672 0 0
4362382626 4383170493 20787867 520576 452416 0 0
4462388080 4481473320 19085240 452320 389920 0 0
4562390413 4579692733 17302320 389824 333184 0 0
4662428013 4681744786 19316773 333088 277632 1 6
4762415080 4779778613 17363533 277536 220896 0 0
4862414760 4894664373 32249613 220800 150400 2 28
4962385600 4993589626 31204026 814528 742432 3 24
5062379720 5082127533 19747813 742336 677056 0 0
5162385293 5192864733 30479440 676960 607712 2 24
5262449586 5280460746 18011160 607616 552736 1 4
5362420320 5381756946 19336626 552640 497184 1 6
5462417960 5480348586 17930626 497088 437568 0 0
5562411093 5582449986 20038893 437472 372192 0 0
5662395893 5682038120 19642227 372096 306816 0 0
5762395920 5781581973 19186053 306720 244320 0 0
Generated frames: 50
Received (and measured) frames: 50
Frame not ready event count (in detector): 0
Frames dropped due to full buffer in detector: 0
Frames processed by detector: 50
Detector stop indicator set: true
Reported missed detector periods (reported by waitForNextPeriod): 0
Detector first release was scheduled for: 4294971901000001
860996613 4294971901000001 0
960996666 4294972001000001 0
1060996613 4294972101000001 0
1160996573 4294972201000001 0
1260996666 4294972301000001 0
1360996640 4294972401000001 0
1460996613 4294972501000001 0
1560996613 4294972601000001 0
1660996733 4294972701000001 0
1760996653 4294972801000001 0
1860996666 4294972901000001 0
1960996640 4294973001000001 0
2060996600 4294973101000001 0
2160996706 4294973201000001 0
2260996600 4294973301000001 0
2360996666 4294973401000001 0
2460996573 4294973501000001 0
2560996733 4294973601000001 0
2660996653 4294973701000001 0
2760996640 4294973801000001 0
2860996733 4294973901000001 0
2960996546 4294974001000001 0
3060996640 4294974101000001 0
3160996613 4294974201000001 0
3260996533 4294974301000001 0
3360996666 4294974401000001 0
3460996613 4294974501000001 0
3560996640 4294974601000001 0
3660996746 4294974701000001 0
3760996760 4294974801000001 0
3860996733 4294974901000001 0
3960996733 4294975001000001 0
4060996640 4294975101000001 0
4160996560 4294975201000001 0
4260996693 4294975301000001 0
4360996533 4294975401000001 0
4460996626 4294975501000001 0
4560996600 4294975601000001 0
4660996693 4294975701000001 0
4760996533 4294975801000001 0
4860996706 4294975901000001 0
4960996573 4294976001000001 0
5060996626 4294976101000001 0
5160996626 4294976201000001 0
5260996600 4294976301000001 0
5360996733 4294976401000001 0
5460996640 4294976501000001 0
5560996693 4294976601000001 0
5660996613 4294976701000001 0
5760996586 4294976801000001 0
