Detector: detector priority is 6
Detector: detector period is 100
Detector is finished, processed all frames.
Dumping output [ timeBefore timeAfter timeDifference heapFreeBefore heapFreeAfter detectedCollisions suspectedCollisions ] for 50 recorded detector runs, in ns
399312586 404621066 5308480 814176 798048 1 4
500087826 518605920 18518094 797952 743072 1 4
600089186 629449880 29360694 742976 676608 2 24
700082506 719969973 19887467 676512 611232 0 0
800534066 831868853 31334787 611136 539040 3 24
900534120 932430386 31896266 538944 468544 2 28
1000550813 1017911813 17361000 468448 411808 0 0
1100570040 1119634080 19064040 411712 356256 1 6
1200567253 1218808493 18241240 356160 296640 0 0
1300561560 1319341373 18779813 296544 234144 0 0
1400538293 1420576213 20037920 814528 749248 0 0
1500546120 1520519493 19973373 749152 683872 0 0
1600554506 1618832666 18278160 683776 624256 0 0
1700572226 1716120280 15548054 624160 575616 1 2
1800570133 1817081346 16511213 575520 521760 0 0
1900560800 1930867120 30306320 521664 452416 2 24
2000542786 2040395266 39852480 452320 375040 3 42
2100537560 2118596013 18058453 374944 315424 0 0
2200546693 2226100360 25553667 315328 251264 2 16
2300584680 2319520133 18935453 251168 195712 1 6
2400570826 2419377053 18806227 814528 758144 0 4
2500570840 2519388240 18817400 758048 695648 0 0
2600545506 2619750986 19205480 695552 633152 0 0
2700550693 2719285586 18734893 633056 570656 0 0
2800554400 2819780880 19226480 570560 508160 0 0
2900572853 2919222266 18649413 508064 451680 0 4
3000571093 3019912546 19341453 451584 396128 1 6
3100563506 3126021360 25457854 396032 331968 2 16
3200569453 3219644853 19075400 331872 269472 0 0
3300538373 3336448293 35909920 269376 196704 3 36
3400547893 3430658720 30110827 814528 745280 2 24
3500553693 3517936973 17383280 745184 688544 0 0
3600587866 3616093933 15506067 688448 639904 1 2
3700579413 3717797760 17218347 639808 583168 0 0
3800572333 3819398160 18825827 583072 520672 0 0
3900541106 3921328213 20787107 520576 452416 0 0
4000546626 4019631906 19085280 452320 389920 0 0
4100548733 4117851680 17302947 389824 333184 0 0
4200586573 4219903053 19316480 333088 277632 1 6
4300573946 4317937706 17363760 277536 220896 0 0
4400572933 4432821626 32248693 220800 150400 2 28
4500544053 4531746946 31202893 814528 742432 3 24
4600538013 4620285960 19747947 742336 677056 0 0
4700543720 4731022826 30479106 676960 607712 2 24
4800607973 4818619320 18011347 607616 552736 1 4
4900578800 4919916360 19337560 552640 497184 1 6
5000576226 5018507173 17930947 497088 437568 0 0
5100569640 5120608013 20038373 437472 372192 0 0
5200554226 5220196706 19642480 372096 306816 0 0
5300554533 5319740413 19185880 306720 244320 0 0
Generated frames: 50
Received (and measured) frames: 50
Frame not ready event count (in detector): 0
Frames dropped due to full buffer in detector: 0
Frames processed by detector: 50
Detector stop indicator set: true
Reported missed detector periods (reported by waitForNextPeriod): 0
Detector first release was scheduled for: 4294970901000001
399155106 4294970901000001 0
499155080 4294971001000001 0
599155146 4294971101000001 0
699155120 4294971201000001 0
799155093 4294971301000001 0
899155146 4294971401000001 0
999155106 4294971501000001 0
1099155186 4294971601000001 0
1199155106 4294971701000001 0
1299155040 4294971801000001 0
1399155106 4294971901000001 0
1499155106 4294972001000001 0
1599155093 4294972101000001 0
1699155093 4294972201000001 0
1799155200 4294972301000001 0
1899155133 4294972401000001 0
1999154986 4294972501000001 0
2099155080 4294972601000001 0
2199155160 4294972701000001 0
2299155066 4294972801000001 0
2399155053 4294972901000001 0
2499155186 4294973001000001 0
2599155146 4294973101000001 0
2699155146 4294973201000001 0
2799155146 4294973301000001 0
2899155053 4294973401000001 0
2999155080 4294973501000001 0
3099155000 4294973601000001 0
3199155120 4294973701000001 0
3299155186 4294973801000001 0
3399154986 4294973901000001 0
3499155080 4294974001000001 0
3599155026 4294974101000001 0
3699155213 4294974201000001 0
3799154986 4294974301000001 0
3899155013 4294974401000001 0
3999155093 4294974501000001 0
4099155093 4294974601000001 0
4199155120 4294974701000001 0
4299155173 4294974801000001 0
4399155066 4294974901000001 0
4499155040 4294975001000001 0
4599155026 4294975101000001 0
4699155080 4294975201000001 0
4799154986 4294975301000001 0
4899155106 4294975401000001 0
4999155053 4294975501000001 0
5099155106 4294975601000001 0
5199155066 4294975701000001 0
5299155120 4294975801000001 0
