Detector: detector priority is 6
Detector: detector period is 100
Detector is finished, processed all frames.
Dumping output [ timeBefore timeAfter timeDifference heapFreeBefore heapFreeAfter detectedCollisions suspectedCollisions ] for 50 recorded detector runs, in ns
404461173 411856760 7395587 814624 805152 1 4
505223586 531896773 26673187 805056 776800 1 4
605225933 643367533 38141600 776704 740032 2 24
705219400 735253173 30033773 739936 707424 0 0
805670226 846731120 41060894 707328 668000 3 24
905670133 946766906 41096773 667904 628736 2 28
1005686933 1031757453 26070520 628640 600160 0 0
1105703626 1132900853 27197227 600064 571232 1 6
1205701186 1233123400 27422214 571136 541312 0 0
1305695173 1334150000 28454827 541216 510048 0 0
1405673546 1435842933 30169387 509952 477440 0 0
1505681080 1535786280 30105200 477344 444832 0 0
1605690426 1633146520 27456094 444736 414912 0 0
1705706040 1728499386 22793346 414816 389824 1 2
1805704306 1830451640 24747334 389728 362592 0 0
1905694613 1945250320 39555707 362496 324480 2 24
2005678186 2054934333 49256147 324384 279872 3 42
2105672693 2132928880 27256187 279776 249952 0 0
2205681506 2240147360 34465854 249856 215488 2 16
2305718186 2332806386 27088200 814912 786080 1 6
2405704053 2433157680 27453627 785984 757760 0 4
2505705226 2534207573 28502347 757664 726496 0 0
2605680933 2634547466 28866533 726400 695232 0 0
2705686133 2734110626 28424493 695136 663968 0 0
2805690600 2834580173 28889573 663872 632704 0 0
2905708173 2933019586 27311413 632608 604384 0 4
3005704760 3033173866 27469106 604288 575456 1 6
3105697360 3140058693 34361333 575360 540992 2 16
3205703306 3234443200 28739894 540896 509728 0 0
3305673546 3350632946 44959400 509632 468192 3 36
3405683226 3445052933 39369707 468096 430080 2 24
3505689360 3531780000 26090640 429984 401504 0 0
3605721386 3628477146 22755760 401408 376416 1 2
3705712840 3731647666 25934826 376320 347840 0 0
3805706080 3834206040 28499960 347744 316576 0 0
3905677800 3937078306 31400506 316480 282624 0 0
4005681813 4034421506 28739693 282528 251360 0 0
4105684026 4131696413 26012387 251264 222784 0 0
4205719693 4233153893 27434200 222688 193856 1 6
4305707053 4331782600 26075547 814912 786432 0 0
4405706680 4447130426 41423746 786336 747168 2 28
4505679773 4546606120 40926347 747072 707744 3 24
4605672893 4635576813 29903920 707648 675136 0 0
4705679026 4745402400 39723374 675040 637024 2 24
4805741240 4831941040 26199800 636928 608672 1 4
4905712080 4933177146 27465066 608576 579744 1 6
5005709826 5032854573 27144747 579648 549824 0 0
5105704146 5135885800 30181654 549728 517216 0 0
5205690466 5235500760 29810294 517120 484608 0 0
5305690453 5334538226 28847773 484512 453344 0 0
Generated frames: 50
Received (and measured) frames: 50
Frame not ready event count (in detector): 0
Frames dropped due to full buffer in detector: 0
Frames processed by detector: 50
Detector stop indicator set: true
Reported missed detector periods (reported by waitForNextPeriod): 0
Detector first release was scheduled for: 4294971101000001
404306586 4294971101000001 0
504306680 4294971201000001 0
604306733 4294971301000001 0
704306640 4294971401000001 0
804306640 4294971501000001 0
904306600 4294971601000001 0
1004306720 4294971701000001 0
1104306586 4294971801000001 0
1204306720 4294971901000001 0
1304306760 4294972001000001 0
1404306626 4294972101000001 0
1504306560 4294972201000001 0
1604306626 4294972301000001 0
1704306600 4294972401000001 0
1804306626 4294972501000001 0
1904306600 4294972601000001 0
2004306720 4294972701000001 0
2104306680 4294972801000001 0
2204306586 4294972901000001 0
2304306600 4294973001000001 0
2404306640 4294973101000001 0
2504306720 4294973201000001 0
2604306733 4294973301000001 0
2704306706 4294973401000001 0
2804306640 4294973501000001 0
2904306640 4294973601000001 0
3004306573 4294973701000001 0
3104306733 4294973801000001 0
3204306680 4294973901000001 0
3304306626 4294974001000001 0
3404306613 4294974101000001 0
3504306693 4294974201000001 0
3604306626 4294974301000001 0
3704306786 4294974401000001 0
3804306733 4294974501000001 0
3904306720 4294974601000001 0
4004306640 4294974701000001 0
4104306666 4294974801000001 0
4204306600 4294974901000001 0
4304306666 4294975001000001 0
4404306573 4294975101000001 0
4504306626 4294975201000001 0
4604306666 4294975301000001 0
4704306640 4294975401000001 0
4804306666 4294975501000001 0
4904306626 4294975601000001 0
5004306546 4294975701000001 0
5104306653 4294975801000001 0
5204306680 4294975901000001 0
5304306720 4294976001000001 0
