Detector: detector priority is 6
Detector: detector period is 100
Detector is finished, processed all frames.
Dumping output [ timeBefore timeAfter timeDifference heapFreeBefore heapFreeAfter detectedCollisions suspectedCollisions ] for 50 recorded detector runs, in ns
387340746 392648933 5308187 814176 798048 1 4
488116240 506633853 18517613 797952 743072 1 4
588117493 617477773 29360280 742976 676608 2 24
688110973 707997760 19886787 676512 611232 0 0
788562280 819895906 31333626 611136 539040 3 24
888562533 920459413 31896880 538944 468544 2 28
988579146 1005940720 17361574 468448 411808 0 0
1088598026 1107664266 19066240 411712 356256 1 6
1188595040 1206835413 18240373 356160 296640 0 0
1288589480 1307369240 18779760 296544 234144 0 0
1388566066 1408602960 20036894 814528 749248 0 0
1488574173 1508547453 19973280 749152 683872 0 0
1588583066 1606861146 18278080 683776 624256 0 0
1688600946 1704149120 15548174 624160 575616 1 2
1788598333 1805111146 16512813 575520 521760 0 0
1888588933 1918894866 30305933 521664 452416 2 24
1988570786 2028423866 39853080 452320 375040 3 42
2088565746 2106625293 18059547 374944 315424 0 0
2188574893 2214128773 25553880 315328 251264 2 16
2288613240 2307549360 18936120 251168 195712 1 6
2388599453 2407404866 18805413 814528 758144 0 4
2488598813 2507415373 18816560 758048 695648 0 0
2588573933 2607779493 19205560 695552 633152 0 0
2688579066 2707314320 18735254 633056 570656 0 0
2788582866 2807808866 19226000 570560 508160 0 0
2888601066 2907250200 18649134 508064 451680 0 4
2988599546 3007940680 19341134 451584 396128 1 6
3088591840 3114050586 25458746 396032 331968 2 16
3188597240 3207672653 19075413 331872 269472 0 0
3288566706 3324475920 35909214 269376 196704 3 36
3388576253 3418688106 30111853 814528 745280 2 24
3488581840 3505964240 17382400 745184 688544 0 0
3588616120 3604122773 15506653 688448 639904 1 2
3688607213 3705824960 17217747 639808 583168 0 0
3788600586 3807426520 18825934 583072 520672 0 0
3888569733 3909358480 20788747 520576 452416 0 0
3988574720 4007660693 19085973 452320 389920 0 0
4088577133 4105880693 17303560 389824 333184 0 0
4188614466 4207931120 19316654 333088 277632 1 6
4288602040 4305965546 17363506 277536 220896 0 0
4388601453 4420850813 32249360 220800 150400 2 28
4488572453 4519777266 31204813 814528 742432 3 24
4588566426 4608313920 19747494 742336 677056 0 0
4688572186 4719051440 30479254 676960 607712 2 24
4788636253 4806647093 18010840 607616 552736 1 4
4888606946 4907944426 19337480 552640 497184 1 6
4988604466 5006535853 17931387 497088 437568 0 0
5088597666 5108635533 20037867 437472 372192 0 0
5188582626 5208224626 19642000 372096 306816 0 0
5288582546 5307768053 19185507 306720 244320 0 0
Generated frames: 50
Received (and measured) frames: 50
Frame not ready event count (in detector): 0
Frames dropped due to full buffer in detector: 0
Frames processed by detector: 50
Detector stop indicator set: true
Reported missed detector periods (reported by waitForNextPeriod): 0
Detector first release was scheduled for: 4294970901000001
387183320 4294970901000001 0
487183440 4294971001000001 0
587183413 4294971101000001 0
687183386 4294971201000001 0
787183373 4294971301000001 0
887183333 4294971401000001 0
987183306 4294971501000001 0
1087183293 4294971601000001 0
1187183320 4294971701000001 0
1287183373 4294971801000001 0
1387183293 4294971901000001 0
1487183320 4294972001000001 0
1587183320 4294972101000001 0
1687183306 4294972201000001 0
1787183440 4294972301000001 0
1887183400 4294972401000001 0
1987183280 4294972501000001 0
2087183426 4294972601000001 0
2187183360 4294972701000001 0
2287183333 4294972801000001 0
2387183386 4294972901000001 0
2487183320 4294973001000001 0
2587183373 4294973101000001 0
2687183333 4294973201000001 0
2787183333 4294973301000001 0
2887183280 4294973401000001 0
2987183373 4294973501000001 0
3087183440 4294973601000001 0
3187183373 4294973701000001 0
3287183346 4294973801000001 0
3387183346 4294973901000001 0
3487183386 4294974001000001 0
3587183360 4294974101000001 0
3687183346 4294974201000001 0
3787183306 4294974301000001 0
3887183360 4294974401000001 0
3987183320 4294974501000001 0
4087183360 4294974601000001 0
4187183293 4294974701000001 0
4287183453 4294974801000001 0
4387183253 4294974901000001 0
4487183333 4294975001000001 0
4587183240 4294975101000001 0
4687183373 4294975201000001 0
4787183293 4294975301000001 0
4887183333 4294975401000001 0
4987183360 4294975501000001 0
5087183320 4294975601000001 0
5187183413 4294975701000001 0
5287183306 4294975801000001 0
