Detector: detector priority is 6
Detector: detector period is 100
Detector is finished, processed all frames.
Dumping output [ timeBefore timeAfter timeDifference heapFreeBefore heapFreeAfter detectedCollisions suspectedCollisions ] for 50 recorded detector runs, in ns
231238146 236368693 5130547 814464 798624 1 4
331984893 350082533 18097640 798624 744160 1 4
431987253 459669253 27682000 744160 679488 2 24
531981093 551679080 19697987 679488 614368 0 0
632415013 662035493 29620480 614368 543968 3 24
732413493 762355680 29942187 543968 475520 2 28
832431306 849622746 17191440 475520 419040 0 0
932457093 951002093 18545000 419040 364128 1 6
1032454240 1050509266 18055026 364128 304768 0 0
1132448653 1151063493 18614840 304768 242528 0 0
1232419253 1252241360 19822107 814592 749472 0 0
1332426146 1352191093 19764947 749472 684352 0 0
1432435640 1450522226 18086586 684352 624992 0 0
1532460666 1547755600 15294934 624992 576736 1 2
1632458133 1648815866 16357733 576736 523136 0 0
1732447506 1761026493 28578987 523136 455584 2 24
1832424346 1869411026 36986680 455584 381152 3 42
1932419760 1950320466 17900706 381152 321792 0 0
2032427853 2056814506 24386653 321792 258912 2 16
2132471986 2150916560 18444574 258912 204000 1 6
2232457813 2250870800 18412987 814592 758496 0 4
2332458760 2351127240 18668480 758496 696256 0 0
2432426733 2451440693 19013960 696256 634016 0 0
2532431000 2551023920 18592920 634016 571776 0 0
2632435840 2651468133 19032293 571776 509536 0 0
2732452586 2750731080 18278494 509536 453440 0 4
2832457946 2851269600 18811654 453440 398528 1 6
2932450400 2956735893 24285493 398528 335648 2 16
3032455920 3051345933 18890013 335648 273408 0 0
3132418746 3165875133 33456387 273408 203200 3 36
3232428280 3260854640 28426360 814592 747040 2 24
3332434280 3349644880 17210600 747040 690560 0 0
3432474533 3447735160 15260627 690560 642304 1 2
3532466346 3549528600 17062254 642304 585824 0 0
3632459546 3651119853 18660307 585824 523584 0 0
3732423706 3752996173 20572467 523584 455584 0 0
3832427613 3851315240 18887627 455584 393344 0 0
3932429840 3949566253 17136413 393344 336864 0 0
4032473586 4051246720 18773134 336864 281952 1 6
4132462400 4149659946 17197546 281952 225472 0 0
4232460626 4262748666 30288040 814592 746144 2 28
4332425840 4361910520 29484680 746144 675744 3 24
4432420040 4451997000 19576960 675744 610624 0 0
4532425866 4561189026 28763160 610624 543072 2 24
4632494146 4650140986 17646840 543072 488608 1 4
4732465706 4751268240 18802534 488608 433696 1 6
4832463280 4850260200 17796920 433696 374336 0 0
4932458480 4952298960 19840480 374336 309216 0 0
5032435466 5051924573 19489107 309216 244096 0 0
5132436026 5151429800 18993774 814592 752352 0 0
Generated frames: 50
Received (and measured) frames: 50
Frame not ready event count (in detector): 0
Frames dropped due to full buffer in detector: 0
Frames processed by detector: 50
Detector stop indicator set: true
Reported missed detector periods (reported by waitForNextPeriod): 0
Detector first release was scheduled for: 3401000001
231086133 3401000001 0
331086240 3501000001 0
431086293 3601000001 0
531086160 3701000001 0
631086026 3801000001 0
731085973 3901000001 0
831086160 4001000001 0
931086000 4101000001 0
1031086186 4201000001 0
1131086133 4301000001 0
1231086000 4401000001 0
1331086253 4501000001 0
1431086253 4601000001 0
1531086266 4701000001 0
1631086186 4801000001 0
1731086120 4901000001 0
1831086146 5001000001 0
1931086160 5101000001 0
2031086000 5201000001 0
2131086240 5301000001 0
2231086226 5401000001 0
2331086253 5501000001 0
2431086160 5601000001 0
2531086146 5701000001 0
2631086160 5801000001 0
2731086000 5901000001 0
2831086133 6001000001 0
2931086040 6101000001 0
3031086200 6201000001 0
3131086133 6301000001 0
3231086200 6401000001 0
3331086146 6501000001 0
3431086253 6601000001 0
3531086293 6701000001 0
3631086026 6801000001 0
3731086253 6901000001 0
3831086026 7001000001 0
3931086266 7101000001 0
4031086000 7201000001 0
4131086186 7301000001 0
4231086240 7401000001 0
4331086253 7501000001 0
4431086146 7601000001 0
4531086186 7701000001 0
4631086253 7801000001 0
4731086280 7901000001 0
4831086160 8001000001 0
4931086160 8101000001 0
5031086186 8201000001 0
5131086266 8301000001 0
