Detector: detector priority is 6
Detector: detector period is 100
Detector is finished, processed all frames.
Dumping output [ timeBefore timeAfter timeDifference heapFreeBefore heapFreeAfter detectedCollisions suspectedCollisions ] for 50 recorded detector runs, in ns
330399680 335530306 5130626 814464 798624 1 4
431146280 449244373 18098093 798624 744160 1 4
531148893 558830880 27681987 744160 679488 2 24
631142480 650840213 19697733 679488 614368 0 0
731576733 761197186 29620453 614368 543968 3 24
831577026 861550280 29973254 543968 475520 2 28
931592560 948784826 17192266 475520 419040 0 0
1031619213 1050163720 18544507 419040 364128 1 6
1131615933 1149670653 18054720 364128 304768 0 0
1231610373 1250224893 18614520 304768 242528 0 0
1331580813 1351402773 19821960 814592 749472 0 0
1431587920 1451352653 19764733 749472 684352 0 0
1531596786 1549683613 18086827 684352 624992 0 0
1631621960 1646917000 15295040 624992 576736 1 2
1731619386 1747976493 16357107 576736 523136 0 0
1831610960 1860215053 28604093 523136 455584 2 24
1931585853 1968571613 36985760 455584 381152 3 42
2031581253 2049482573 17901320 381152 321792 0 0
2131589640 2155976720 24387080 321792 258912 2 16
2231633253 2250077240 18443987 258912 204000 1 6
2331619253 2350032706 18413453 814592 758496 0 4
2431620080 2450288653 18668573 758496 696256 0 0
2531588200 2550602240 19014040 696256 634016 0 0
2631592826 2650186600 18593774 634016 571776 0 0
2731597280 2750630053 19032773 571776 509536 0 0
2831614466 2849894226 18279760 509536 453440 0 4
2931619680 2950431200 18811520 453440 398528 1 6
3031611973 3055897813 24285840 398528 335648 2 16
3131617226 3150507466 18890240 335648 273408 0 0
3231580146 3265037826 33457680 273408 203200 3 36
3331589493 3360017053 28427560 814592 747040 2 24
3431595600 3448805413 17209813 747040 690560 0 0
3531635826 3546895640 15259814 690560 642304 1 2
3631627693 3648690826 17063133 642304 585824 0 0
3731621293 3750282013 18660720 585824 523584 0 0
3831585053 3852157253 20572200 523584 455584 0 0
3931589146 3950476586 18887440 455584 393344 0 0
4031591706 4048727440 17135734 393344 336864 0 0
4131635093 4150408426 18773333 336864 281952 1 6
4231623506 4248821066 17197560 281952 225472 0 0
4331622306 4361910573 30288267 814592 746144 2 28
4431587706 4461071493 29483787 746144 675744 3 24
4531581600 4551157400 19575800 675744 610624 0 0
4631587493 4660351973 28764480 610624 543072 2 24
4731655360 4749301973 17646613 543072 488608 1 4
4831627360 4850430706 18803346 488608 433696 1 6
4931624560 4949421186 17796626 433696 374336 0 0
5031619960 5051461253 19841293 374336 309216 0 0
5131597213 5151086960 19489747 309216 244096 0 0
5231597440 5250590813 18993373 814592 752352 0 0
Generated frames: 50
Received (and measured) frames: 50
Frame not ready event count (in detector): 0
Frames dropped due to full buffer in detector: 0
Frames processed by detector: 50
Detector stop indicator set: true
Reported missed detector periods (reported by waitForNextPeriod): 0
Detector first release was scheduled for: 3601000001
330247680 3601000001 0
430247733 3701000001 0
530247720 3801000001 0
630247786 3901000001 0
730247786 4001000001 0
830247773 4101000001 0
930247573 4201000001 0
1030247720 4301000001 0
1130247666 4401000001 0
1230247733 4501000001 0
1330247666 4601000001 0
1430247826 4701000001 0
1530247666 4801000001 0
1630247520 4901000001 0
1730247573 5001000001 0
1830247666 5101000001 0
1930247760 5201000001 0
2030247733 5301000001 0
2130247800 5401000001 0
2230247573 5501000001 0
2330247506 5601000001 0
2430247506 5701000001 0
2530247520 5801000001 0
2630247520 5901000001 0
2730247720 6001000001 0
2830247746 6101000001 0
2930247520 6201000001 0
3030247720 6301000001 0
3130247626 6401000001 0
3230247773 6501000001 0
3330247746 6601000001 0
3430247693 6701000001 0
3530247693 6801000001 0
3630247520 6901000001 0
3730247746 7001000001 0
3830247506 7101000001 0
3930247840 7201000001 0
4030247760 7301000001 0
4130247506 7401000001 0
4230247733 7501000001 0
4330247586 7601000001 0
4430247840 7701000001 0
4530247773 7801000001 0
4630247560 7901000001 0
4730247720 8001000001 0
4830247746 8101000001 0
4930247520 8201000001 0
5030247706 8301000001 0
5130247666 8401000001 0
5230247800 8501000001 0
