Detector: detector priority is 6
Detector: detector period is 100
Detector is finished, processed all frames.
Dumping output [ timeBefore timeAfter timeDifference heapFreeBefore heapFreeAfter detectedCollisions suspectedCollisions ] for 50 recorded detector runs, in ns
611283066 616711026 5427960 814336 798496 1 4
712053333 730400626 18347293 798496 744032 1 4
812054386 841833120 29778734 744032 679360 2 24
912048013 931571706 19523693 679360 614240 0 0
1012499320 1044203760 31704440 614240 543840 3 24
1112499626 1144923573 32423947 543840 475392 2 28
1212516320 1229565626 17049306 475392 418912 0 0
1312535360 1331502613 18967253 418912 364000 1 6
1412532373 1430441906 17909533 364000 304640 0 0
1512526626 1530971813 18445187 304640 242400 0 0
1612503120 1632166853 19663733 814592 749472 0 0
1712511333 1732119213 19607880 749472 684352 0 0
1812520066 1830467706 17947640 684352 624992 0 0
1912537826 1927903200 15365374 624992 576736 1 2
2012535026 2028762560 16227534 576736 523136 0 0
2112525786 2143229093 30703307 523136 455584 2 24
2212508266 2253283226 40774960 455584 381152 3 42
2312502973 2330240346 17737373 381152 321792 0 0
2412511906 2438230346 25718440 321792 258912 2 16
2512550280 2531393440 18843160 258912 204000 1 6
2612536173 2631173626 18637453 814592 758496 0 4
2712536146 2731015906 18479760 758496 696256 0 0
2812511426 2831363586 18852160 696256 634016 0 0
2912516333 2930919426 18403093 634016 571776 0 0
3012520173 3031390680 18870507 571776 509536 0 0
3112538640 3131036960 18498320 509536 453440 0 4
3212536453 3231772760 19236307 453440 398528 1 6
3312528880 3338158893 25630013 398528 335648 2 16
3412535186 3431264560 18729374 335648 273408 0 0
3512503346 3549174293 36670947 273408 203200 3 36
3612513213 3643028333 30515120 814592 747040 2 24
3712519106 3729586933 17067827 747040 690560 0 0
3812553186 3827875586 15322400 690560 642304 1 2
3912544320 3929459093 16914773 642304 585824 0 0
4012537586 4031025906 18488320 585824 523584 0 0
4112506573 4132908320 20401747 523584 455584 0 0
4212511346 4231252280 18740934 455584 393344 0 0
4312514186 4329512253 16998067 393344 336864 0 0
4412551880 4431765880 19214000 336864 281952 1 6
4512538853 4529598746 17059893 281952 225472 0 0
4612538226 4645302373 32764147 814592 746144 2 28
4712509653 4744084866 31575213 746144 675744 3 24
4812503386 4831894840 19391454 675744 610624 0 0
4912509106 4943371773 30862667 610624 543072 2 24
5012573440 5030429533 17856093 543072 488608 1 4
5112543733 5131769786 19226053 488608 433696 1 6
5212541826 5230156906 17615080 433696 374336 0 0
5312534973 5332201933 19666960 374336 309216 0 0
5412519866 5431810160 19290294 309216 244096 0 0
5512520160 5531352773 18832613 814592 752352 0 0
Generated frames: 50
Received (and measured) frames: 50
Frame not ready event count (in detector): 0
Frames dropped due to full buffer in detector: 0
Frames processed by detector: 50
Detector stop indicator set: true
Reported missed detector periods (reported by waitForNextPeriod): 0
Detector first release was scheduled for: 4201000001
611108346 4201000001 0
711108400 4301000001 0
811108373 4401000001 0
911108400 4501000001 0
1011108413 4601000001 0
1111108253 4701000001 0
1211108306 4801000001 0
1311108440 4901000001 0
1411108426 5001000001 0
1511108400 5101000001 0
1611108386 5201000001 0
1711108386 5301000001 0
1811108400 5401000001 0
1911108506 5501000001 0
2011108480 5601000001 0
2111108440 5701000001 0
2211108293 5801000001 0
2311108426 5901000001 0
2411108386 6001000001 0
2511108453 6101000001 0
2611108400 6201000001 0
2711108320 6301000001 0
2811108453 6401000001 0
2911108426 6501000001 0
3011108373 6601000001 0
3111108346 6701000001 0
3211108360 6801000001 0
3311108306 6901000001 0
3411108453 7001000001 0
3511108320 7101000001 0
3611108346 7201000001 0
3711108426 7301000001 0
3811108373 7401000001 0
3911108320 7501000001 0
4011108346 7601000001 0
4111108400 7701000001 0
4211108293 7801000001 0
4311108360 7901000001 0
4411108426 8001000001 0
4511108386 8101000001 0
4611108306 8201000001 0
4711108413 8301000001 0
4811108346 8401000001 0
4911108360 8501000001 0
5011108373 8601000001 0
5111108373 8701000001 0
5211108426 8801000001 0
5311108440 8901000001 0
5411108293 9001000001 0
5511108440 9101000001 0
