Detector: detector priority is 6
Detector: detector period is 100
Detector is finished, processed all frames.
Dumping output [ timeBefore timeAfter timeDifference heapFreeBefore heapFreeAfter detectedCollisions suspectedCollisions ] for 50 recorded detector runs, in ns
216284986 222110520 5825534 814784 799264 1 4
317056000 336534466 19478466 799264 745120 1 4
417057333 448137706 31080373 745120 680768 2 24
517050786 537865413 20814627 680768 615968 0 0
617502986 650632653 33129667 615968 545888 3 24
717503453 751278466 33775013 545888 477760 2 28
817519840 835715360 18195520 477760 421600 0 0
917538866 937603706 20064840 421600 367008 1 6
1017534453 1036632520 19098067 367008 307968 0 0
1117530333 1137186040 19655707 307968 246048 0 0
1217507373 1238482800 20975427 814976 750176 0 0
1317515453 1338421853 20906400 750176 685376 0 0
1417523786 1436671946 19148160 685376 626336 0 0
1517541613 1533884266 16342653 626336 578400 1 2
1617538893 1634850253 17311360 578400 525120 0 0
1717529786 1749590520 32060734 525120 457888 2 24
1817511786 1859804160 42292374 457888 383776 3 42
1917506893 1936424066 18917173 383776 324736 0 0
2017514013 2044499466 26985453 324736 262176 2 16
2117554053 2137483360 19929307 262176 207584 1 6
2217539946 2237322813 19782867 814976 759200 0 4
2317539720 2337234720 19695000 759200 697280 0 0
2417514746 2437628053 20113307 697280 635360 0 0
2517519813 2537127693 19607880 635360 573440 0 0
2617523493 2637660720 20137227 573440 511520 0 0
2717542280 2737153933 19611653 511520 455744 0 4
2817540080 2837905773 20365693 455744 401152 1 6
2917532600 2944422346 26889746 401152 338592 2 16
3017538506 3037512586 19974080 338592 276672 0 0
3117507160 3155602853 38095693 276672 206784 3 36
3217517013 3249365960 31848947 814976 747744 2 24
3317522786 3335740360 18217574 747744 691584 0 0
3417556920 3433850360 16293440 691584 643648 1 2
3517548200 3535590280 18042080 643648 587488 0 0
3617541493 3637245666 19704173 587488 525568 0 0
3717510400 3739257720 21747320 525568 457888 0 0
3817515613 3837498026 19982413 457888 395968 0 0
3917518000 3935648746 18130746 395968 339808 0 0
4017555493 4037890306 20334813 339808 285216 1 6
4117542640 4135737986 18195346 285216 229056 0 0
4217542213 4251696800 34154587 814976 746848 2 28
4317513160 4350510986 32997826 746848 676768 3 24
4417507040 4438173626 20666586 676768 611968 0 0
4517512866 4549759893 32247027 611968 544736 2 24
4617577226 4636512960 18935734 544736 490592 1 4
4717547733 4737904186 20356453 490592 436000 1 6
4817545466 4836324546 18779080 436000 376960 0 0
4917538693 4938516546 20977853 376960 312160 0 0
5017523440 5038076413 20552973 312160 247360 0 0
5117523560 5137613093 20089533 814976 753056 0 0
Generated frames: 50
Received (and measured) frames: 50
Frame not ready event count (in detector): 0
Frames dropped due to full buffer in detector: 0
Frames processed by detector: 50
Detector stop indicator set: true
Reported missed detector periods (reported by waitForNextPeriod): 0
Detector first release was scheduled for: 3401000001
216110426 3401000001 0
316110386 3501000001 0
416110586 3601000001 0
516110400 3701000001 0
616110386 3801000001 0
716110466 3901000001 0
816110453 4001000001 0
916110520 4101000001 0
1016110413 4201000001 0
1116110293 4301000001 0
1216110506 4401000001 0
1316110493 4501000001 0
1416110533 4601000001 0
1516110520 4701000001 0
1616110373 4801000001 0
1716110386 4901000001 0
1816110573 5001000001 0
1916110493 5101000001 0
2016110386 5201000001 0
2116110373 5301000001 0
2216110573 5401000001 0
2316110493 5501000001 0
2416110386 5601000001 0
2516110480 5701000001 0
2616110480 5801000001 0
2716110493 5901000001 0
2816110373 6001000001 0
2916110373 6101000001 0
3016110533 6201000001 0
3116110426 6301000001 0
3216110373 6401000001 0
3316110453 6501000001 0
3416110440 6601000001 0
3516110533 6701000001 0
3616110546 6801000001 0
3716110386 6901000001 0
3816110453 7001000001 0
3916110426 7101000001 0
4016110360 7201000001 0
4116110413 7301000001 0
4216110386 7401000001 0
4316110360 7501000001 0
4416110440 7601000001 0
4516110506 7701000001 0
4616110546 7801000001 0
4716110520 7901000001 0
4816110400 8001000001 0
4916110466 8101000001 0
5016110413 8201000001 0
5116110346 8301000001 0
