Detector: detector priority is 6
Detector: detector period is 100
Detector is finished, processed all frames.
Dumping output [ timeBefore timeAfter timeDifference heapFreeBefore heapFreeAfter detectedCollisions suspectedCollisions ] for 50 recorded detector runs, in ns
410738426 415869560 5131134 814464 798624 1 4
511485053 529584240 18099187 798624 744160 1 4
611487373 639168760 27681387 744160 679488 2 24
711480840 731179213 19698373 679488 614368 0 0
811915280 841535893 29620613 614368 543968 3 24
911915346 941889733 29974387 543968 475520 2 28
1011931426 1029124293 17192867 475520 419040 0 0
1111957533 1130501173 18543640 419040 364128 1 6
1211954720 1230010120 18055400 364128 304768 0 0
1311949106 1330566400 18617294 304768 242528 0 0
1411919813 1431741373 19821560 814592 749472 0 0
1511926453 1531691733 19765280 749472 684352 0 0
1611935640 1630022120 18086480 684352 624992 0 0
1711960653 1727254853 15294200 624992 576736 1 2
1811958226 1828314906 16356680 576736 523136 0 0
1911949600 1940553000 28603400 523136 455584 2 24
2011924680 2048911520 36986840 455584 381152 3 42
2111919893 2129820240 17900347 381152 321792 0 0
2211927800 2236314493 24386693 321792 258912 2 16
2311971666 2330416040 18444374 258912 204000 1 6
2411957720 2430371626 18413906 814592 758496 0 4
2511958680 2530627240 18668560 758496 696256 0 0
2611926853 2630941040 19014187 696256 634016 0 0
2711931133 2730523373 18592240 634016 571776 0 0
2811935826 2830969613 19033787 571776 509536 0 0
2911953120 2930231946 18278826 509536 453440 0 4
3011958546 3030770293 18811747 453440 398528 1 6
3111950693 3136236120 24285427 398528 335648 2 16
3211955760 3230845733 18889973 335648 273408 0 0
3311918906 3345375586 33456680 273408 203200 3 36
3411928053 3440353960 28425907 814592 747040 2 24
3511934466 3529145080 17210614 747040 690560 0 0
3611974213 3627234573 15260360 690560 642304 1 2
3711966253 3729028533 17062280 642304 585824 0 0
3811959773 3830620320 18660547 585824 523584 0 0
3911923853 3932496360 20572507 523584 455584 0 0
4011927813 4030815693 18887880 455584 393344 0 0
4111930346 4129066373 17136027 393344 336864 0 0
4211974213 4230747866 18773653 336864 281952 1 6
4311962613 4329160853 17198240 281952 225472 0 0
4411960853 4442249760 30288907 814592 746144 2 28
4511926133 4541409973 29483840 746144 675744 3 24
4611920040 4631497026 19576986 675744 610624 0 0
4711926226 4740690666 28764440 610624 543072 2 24
4811994373 4829640866 17646493 543072 488608 1 4
4911965800 4930768573 18802773 488608 433696 1 6
5011963200 5029759146 17795946 433696 374336 0 0
5111958746 5131799853 19841107 374336 309216 0 0
5211936026 5231426093 19490067 309216 244096 0 0
5311935813 5330928613 18992800 814592 752352 0 0
Generated frames: 50
Received (and measured) frames: 50
Frame not ready event count (in detector): 0
Frames dropped due to full buffer in detector: 0
Frames processed by detector: 50
Detector stop indicator set: true
Reported missed detector periods (reported by waitForNextPeriod): 0
Detector first release was scheduled for: 3801000001
410586400 3801000001 0
510586386 3901000001 0
610586440 4001000001 0
710586173 4101000001 0
810586386 4201000001 0
910586333 4301000001 0
1010586226 4401000001 0
1110586453 4501000001 0
1210586413 4601000001 0
1310586400 4701000001 0
1410586426 4801000001 0
1510586360 4901000001 0
1610586373 5001000001 0
1710586386 5101000001 0
1810586333 5201000001 0
1910586440 5301000001 0
2010586426 5401000001 0
2110586173 5501000001 0
2210586186 5601000001 0
2310586226 5701000001 0
2410586200 5801000001 0
2510586213 5901000001 0
2610586480 6001000001 0
2710586186 6101000001 0
2810586280 6201000001 0
2910586440 6301000001 0
3010586480 6401000001 0
3110586200 6501000001 0
3210586360 6601000001 0
3310586400 6701000001 0
3410586173 6801000001 0
3510586373 6901000001 0
3610586200 7001000001 0
3710586173 7101000001 0
3810586386 7201000001 0
3910586213 7301000001 0
4010586413 7401000001 0
4110586453 7501000001 0
4210586400 7601000001 0
4310586480 7701000001 0
4410586253 7801000001 0
4510586426 7901000001 0
4610586400 8001000001 0
4710586413 8101000001 0
4810586386 8201000001 0
4910586173 8301000001 0
5010586333 8401000001 0
5110586466 8501000001 0
5210586480 8601000001 0
5310586373 8701000001 0
