Detector: detector priority is 6
Detector: detector period is 100
Detector is finished, processed all frames.
Dumping output [ timeBefore timeAfter timeDifference heapFreeBefore heapFreeAfter detectedCollisions suspectedCollisions ] for 50 recorded detector runs, in ns
218917733 224345880 5428147 814336 798496 1 4
319688026 338034626 18346600 798496 744032 1 4
419689213 449467386 29778173 744032 679360 2 24
519682720 539206186 19523466 679360 614240 0 0
620133880 651836800 31702920 614240 543840 3 24
720134346 752559293 32424947 543840 475392 2 28
820151200 837200533 17049333 475392 418912 0 0
920168386 939116186 18947800 418912 364000 1 6
1020166840 1038076400 17909560 364000 304640 0 0
1120161333 1138606546 18445213 304640 242400 0 0
1220138053 1239802066 19664013 814592 749472 0 0
1320145413 1339752906 19607493 749472 684352 0 0
1420154546 1438100786 17946240 684352 624992 0 0
1520172386 1535537320 15364934 624992 576736 1 2
1620169813 1636397733 16227920 576736 523136 0 0
1720160653 1750863906 30703253 523136 455584 2 24
1820143053 1860918346 40775293 455584 381152 3 42
1920136013 1937855880 17719867 381152 321792 0 0
2020146653 2045865733 25719080 321792 258912 2 16
2120185133 2139027920 18842787 258912 204000 1 6
2220170946 2238808920 18637974 814592 758496 0 4
2320170986 2338650386 18479400 758496 696256 0 0
2420146000 2438997426 18851426 696256 634016 0 0
2520151133 2538553266 18402133 634016 571776 0 0
2620154373 2639024720 18870347 571776 509536 0 0
2720173133 2738670026 18496893 509536 453440 0 4
2820171360 2839408813 19237453 453440 398528 1 6
2920163613 2945793146 25629533 398528 335648 2 16
3020169533 3038898946 18729413 335648 273408 0 0
3120138186 3156809133 36670947 273408 203200 3 36
3220147893 3250662040 30514147 814592 747040 2 24
3320154026 3337222146 17068120 747040 690560 0 0
3420187773 3435509440 15321667 690560 642304 1 2
3520178880 3537094760 16915880 642304 585824 0 0
3620172213 3638659853 18487640 585824 523584 0 0
3720141200 3740542333 20401133 523584 455584 0 0
3820146066 3838886053 18739987 455584 393344 0 0
3920148760 3937146546 16997786 393344 336864 0 0
4020186480 4039399746 19213266 336864 281952 1 6
4120173693 4137233986 17060293 281952 225472 0 0
4220173186 4252936613 32763427 814592 746144 2 28
4320144066 4351718946 31574880 746144 675744 3 24
4420138440 4439530813 19392373 675744 610624 0 0
4520143560 4551006760 30863200 610624 543072 2 24
4620208320 4638065373 17857053 543072 488608 1 4
4720178733 4739404520 19225787 488608 433696 1 6
4820176413 4837792120 17615707 433696 374336 0 0
4920169546 4939835826 19666280 374336 309216 0 0
5020154613 5039445360 19290747 309216 244096 0 0
5120154786 5138987906 18833120 814592 752352 0 0
Generated frames: 50
Received (and measured) frames: 50
Frame not ready event count (in detector): 0
Frames dropped due to full buffer in detector: 0
Frames processed by detector: 50
Detector stop indicator set: true
Reported missed detector periods (reported by waitForNextPeriod): 0
Detector first release was scheduled for: 3401000001
218742946 3401000001 0
318743080 3501000001 0
418743053 3601000001 0
518743013 3701000001 0
618743040 3801000001 0
718743026 3901000001 0
818743013 4001000001 0
918743066 4101000001 0
1018743093 4201000001 0
1118743080 4301000001 0
1218743040 4401000001 0
1318742973 4501000001 0
1418743120 4601000001 0
1518743053 4701000001 0
1618743120 4801000001 0
1718743066 4901000001 0
1818743106 5001000001 0
1918742960 5101000001 0
2018743106 5201000001 0
2118743013 5301000001 0
2218743066 5401000001 0
2318743093 5501000001 0
2418743080 5601000001 0
2518743066 5701000001 0
2618742946 5801000001 0
2718742973 5901000001 0
2818743093 6001000001 0
2918743066 6101000001 0
3018743093 6201000001 0
3118743066 6301000001 0
3218743053 6401000001 0
3318743120 6501000001 0
3418742986 6601000001 0
3518743120 6701000001 0
3618743053 6801000001 0
3718743120 6901000001 0
3818742986 7001000001 0
3918743013 7101000001 0
4018743000 7201000001 0
4118743093 7301000001 0
4218743080 7401000001 0
4318743066 7501000001 0
4418743093 7601000001 0
4518743040 7701000001 0
4618743160 7801000001 0
4718743053 7901000001 0
4818743200 8001000001 0
4918743053 8101000001 0
5018743053 8201000001 0
5118743093 8301000001 0
