Detector: detector priority is 6
Detector: detector period is 100
Detector is finished, processed all frames.
Dumping output [ timeBefore timeAfter timeDifference heapFreeBefore heapFreeAfter detectedCollisions suspectedCollisions ] for 50 recorded detector runs, in ns
312772120 318194560 5422440 814336 798496 1 4
413542400 431888546 18346146 798496 744032 1 4
513543506 543321160 29777654 744032 679360 2 24
613537266 633060520 19523254 679360 614240 0 0
713988760 745692680 31703920 614240 543840 3 24
813988973 846413413 32424440 543840 475392 2 28
914005413 931055960 17050547 475392 418912 0 0
1014024813 1032991200 18966387 418912 364000 1 6
1114021400 1131931826 17910426 364000 304640 0 0
1214015746 1232459640 18443894 304640 242400 0 0
1313992440 1333656546 19664106 814592 749472 0 0
1414000466 1433607640 19607174 749472 684352 0 0
1514008880 1531955800 17946920 684352 624992 0 0
1614026746 1629392040 15365294 624992 576736 1 2
1714023946 1730252320 16228374 576736 523136 0 0
1814015013 1844719306 30704293 523136 455584 2 24
1913997266 1954773386 40776120 455584 381152 3 42
2013992320 2031729466 17737146 381152 321792 0 0
2114000706 2139718840 25718134 321792 258912 2 16
2214039600 2232882666 18843066 258912 204000 1 6
2314025520 2332663000 18637480 814592 758496 0 4
2414025186 2432504413 18479227 758496 696256 0 0
2514000400 2532851613 18851213 696256 634016 0 0
2614005586 2632407346 18401760 634016 571776 0 0
2714008986 2732879933 18870947 571776 509536 0 0
2814027960 2832524466 18496506 509536 453440 0 4
2914025720 2933263146 19237426 453440 398528 1 6
3014018066 3039648786 25630720 398528 335648 2 16
3114023893 3132753146 18729253 335648 273408 0 0
3213992693 3250662773 36670080 273408 203200 3 36
3314002493 3344517200 30514707 814592 747040 2 24
3414008253 3431077480 17069227 747040 690560 0 0
3514042426 3529364893 15322467 690560 642304 1 2
3614033440 3630948080 16914640 642304 585824 0 0
3714026893 3732514053 18487160 585824 523584 0 0
3813995733 3834396440 20400707 523584 455584 0 0
3914000800 3932740360 18739560 455584 393344 0 0
4014003093 4031000186 16997093 393344 336864 0 0
4114040960 4133254480 19213520 336864 281952 1 6
4214028186 4231088120 17059934 281952 225472 0 0
4314027626 4346790800 32763174 814592 746144 2 28
4413998573 4445573453 31574880 746144 675744 3 24
4513992786 4533384280 19391494 675744 610624 0 0
4613998240 4644861706 30863466 610624 543072 2 24
4714062613 4731919093 17856480 543072 488608 1 4
4814033226 4833259960 19226734 488608 433696 1 6
4914030626 4931644880 17614254 433696 374336 0 0
5014023973 5033690266 19666293 374336 309216 0 0
5114009066 5133299493 19290427 309216 244096 0 0
5214009226 5232841280 18832054 814592 752352 0 0
Generated frames: 50
Received (and measured) frames: 50
Frame not ready event count (in detector): 0
Frames dropped due to full buffer in detector: 0
Frames processed by detector: 50
Detector stop indicator set: true
Reported missed detector periods (reported by waitForNextPeriod): 0
Detector first release was scheduled for: 3601000001
312597520 3601000001 0
412597480 3701000001 0
512597533 3801000001 0
612597573 3901000001 0
712597533 4001000001 0
812597453 4101000001 0
912597506 4201000001 0
1012597573 4301000001 0
1112597573 4401000001 0
1212597586 4501000001 0
1312597533 4601000001 0
1412597533 4701000001 0
1512597453 4801000001 0
1612597493 4901000001 0
1712597560 5001000001 0
1812597533 5101000001 0
1912597586 5201000001 0
2012597640 5301000001 0
2112597480 5401000001 0
2212597586 5501000001 0
2312597520 5601000001 0
2412597546 5701000001 0
2512597573 5801000001 0
2612597613 5901000001 0
2712597453 6001000001 0
2812597520 6101000001 0
2912597533 6201000001 0
3012597506 6301000001 0
3112597480 6401000001 0
3212597546 6501000001 0
3312597560 6601000001 0
3412597466 6701000001 0
3512597506 6801000001 0
3612597453 6901000001 0
3712597546 7001000001 0
3812597533 7101000001 0
3912597626 7201000001 0
4012597573 7301000001 0
4112597600 7401000001 0
4212597586 7501000001 0
4312597426 7601000001 0
4412597520 7701000001 0
4512597560 7801000001 0
4612597586 7901000001 0
4712597506 8001000001 0
4812597453 8101000001 0
4912597466 8201000001 0
5012597573 8301000001 0
5112597573 8401000001 0
5212597560 8501000001 0
