Detector: detector priority is 6
Detector: detector period is 100
Detector is finished, processed all frames.
Dumping output [ timeBefore timeAfter timeDifference heapFreeBefore heapFreeAfter detectedCollisions suspectedCollisions ] for 50 recorded detector runs, in ns
243662693 249488786 5826093 814784 799264 1 4
344434120 363912120 19478000 799264 745120 1 4
444435213 475497093 31061880 745120 680768 2 24
544428533 565232746 20804213 680768 615968 0 0
644880773 678011146 33130373 615968 545888 3 24
744881013 778654973 33773960 545888 477760 2 28
844897853 863093546 18195693 477760 421600 0 0
944916933 964982733 20065800 421600 367008 1 6
1044913773 1064025280 19111507 367008 307968 0 0
1144908626 1164563453 19654827 307968 246048 0 0
1244885186 1265860560 20975374 814976 750176 0 0
1344892973 1365799306 20906333 750176 685376 0 0
1444901400 1464036906 19135506 685376 626336 0 0
1544919226 1561261546 16342320 626336 578400 1 2
1644916866 1662228573 17311707 578400 525120 0 0
1744907613 1776968226 32060613 525120 457888 2 24
1844889866 1887183066 42293200 457888 383776 3 42
1944884440 1963800320 18915880 383776 324736 0 0
2044892986 2071885906 26992920 324736 262176 2 16
2144931800 2164860573 19928773 262176 207584 1 6
2244918040 2264701266 19783226 814976 759200 0 4
2344917786 2364612706 19694920 759200 697280 0 0
2444892520 2465005506 20112986 697280 635360 0 0
2544897573 2564506466 19608893 635360 573440 0 0
2644901733 2665038626 20136893 573440 511520 0 0
2744920120 2764531400 19611280 511520 455744 0 4
2844918040 2865283466 20365426 455744 401152 1 6
2944910160 2971800066 26889906 401152 338592 2 16
3044916293 3064891333 19975040 338592 276672 0 0
3144885213 3182981000 38095787 276672 206784 3 36
3244894693 3276744826 31850133 814976 747744 2 24
3344900786 3363118466 18217680 747744 691584 0 0
3444934720 3461228053 16293333 691584 643648 1 2
3544926280 3562969093 18042813 643648 587488 0 0
3644919453 3664623533 19704080 587488 525568 0 0
3744888280 3766636573 21748293 525568 457888 0 0
3844893346 3864875920 19982574 457888 395968 0 0
3944895853 3963025853 18130000 395968 339808 0 0
4044933213 4065268746 20335533 339808 285216 1 6
4144920680 4163116293 18195613 285216 229056 0 0
4244920106 4279074560 34154454 814976 746848 2 28
4344890893 4377887600 32996707 746848 676768 3 24
4444884946 4465551600 20666654 676768 611968 0 0
4544890546 4577136893 32246347 611968 544736 2 24
4644954666 4663891053 18936387 544736 490592 1 4
4744925853 4765281920 20356067 490592 436000 1 6
4844923293 4863702253 18778960 436000 376960 0 0
4944916653 4965894253 20977600 376960 312160 0 0
5044901253 5065453920 20552667 312160 247360 0 0
5144901266 5164991053 20089787 814976 753056 0 0
Generated frames: 50
Received (and measured) frames: 50
Frame not ready event count (in detector): 0
Frames dropped due to full buffer in detector: 0
Frames processed by detector: 50
Detector stop indicator set: true
Reported missed detector periods (reported by waitForNextPeriod): 0
Detector first release was scheduled for: 3401000001
243488240 3401000001 0
343488360 3501000001 0
443488306 3601000001 0
543488320 3701000001 0
643488160 3801000001 0
743488413 3901000001 0
843488240 4001000001 0
943488240 4101000001 0
1043488280 4201000001 0
1143488386 4301000001 0
1243488280 4401000001 0
1343488413 4501000001 0
1443488240 4601000001 0
1543488333 4701000001 0
1643488440 4801000001 0
1743488426 4901000001 0
1843488400 5001000001 0
1943488240 5101000001 0
2043488306 5201000001 0
2143488280 5301000001 0
2243488386 5401000001 0
2343488333 5501000001 0
2443488440 5601000001 0
2543488240 5701000001 0
2643488280 5801000001 0
2743488360 5901000001 0
2843488186 6001000001 0
2943488346 6101000001 0
3043488266 6201000001 0
3143488226 6301000001 0
3243488346 6401000001 0
3343488386 6501000001 0
3443488280 6601000001 0
3543488400 6701000001 0
3643488373 6801000001 0
3743488400 6901000001 0
3843488346 7001000001 0
3943488320 7101000001 0
4043488213 7201000001 0
4143488320 7301000001 0
4243488440 7401000001 0
4343488200 7501000001 0
4443488280 7601000001 0
4543488346 7701000001 0
4643488253 7801000001 0
4743488466 7901000001 0
4843488506 8001000001 0
4943488240 8101000001 0
5043488426 8201000001 0
5143488333 8301000001 0
