Detector: detector priority is 6
Detector: detector period is 100
Detector is finished, processed all frames.
Dumping output [ timeBefore timeAfter timeDifference heapFreeBefore heapFreeAfter detectedCollisions suspectedCollisions ] for 50 recorded detector runs, in ns
210767960 216593626 5825666 814784 799264 1 4
311539000 331017106 19478106 799264 745120 1 4
411540426 442620920 31080494 745120 680768 2 24
511533826 532347186 20813360 680768 615968 0 0
611985773 645116853 33131080 615968 545888 3 24
711986360 745760706 33774346 545888 477760 2 28
812002613 830199026 18196413 477760 421600 0 0
912021906 932086946 20065040 421600 367008 1 6
1012019333 1031130106 19110773 367008 307968 0 0
1112011866 1131653026 19641160 307968 246048 0 0
1211990146 1232964800 20974654 814976 750176 0 0
1311998306 1332903973 20905667 750176 685376 0 0
1412006720 1431155000 19148280 685376 626336 0 0
1512024520 1528366600 16342080 626336 578400 1 2
1612021920 1629333426 17311506 578400 525120 0 0
1712012680 1744072666 32059986 525120 457888 2 24
1811995026 1854287413 42292387 457888 383776 3 42
1911989573 1930905853 18916280 383776 324736 0 0
2011998546 2038990986 26992440 324736 262176 2 16
2112035333 2131956826 19921493 262176 207584 1 6
2212023160 2231806453 19783293 814976 759200 0 4
2312022880 2331716773 19693893 759200 697280 0 0
2411997613 2432110893 20113280 697280 635360 0 0
2512002546 2531611080 19608534 635360 573440 0 0
2612006640 2632144040 20137400 573440 511520 0 0
2712025133 2731635973 19610840 511520 455744 0 4
2812023053 2832388666 20365613 455744 401152 1 6
2912015480 2938904960 26889480 401152 338592 2 16
3012021240 3031996666 19975426 338592 276672 0 0
3111990453 3150085426 38094973 276672 206784 3 36
3212000160 3243849440 31849280 814976 747744 2 24
3312005946 3330223146 18217200 747744 691584 0 0
3412040040 3428333493 16293453 691584 643648 1 2
3512031160 3530074186 18043026 643648 587488 0 0
3612024680 3631728506 19703826 587488 525568 0 0
3711993280 3733741720 21748440 525568 457888 0 0
3811998546 3831981533 19982987 457888 395968 0 0
3912001226 3930132066 18130840 395968 339808 0 0
4012038640 4032374146 20335506 339808 285216 1 6
4112025706 4130221813 18196107 285216 229056 0 0
4212025426 4246180546 34155120 814976 746848 2 28
4311996426 4344992826 32996400 746848 676768 3 24
4411990266 4432657506 20667240 676768 611968 0 0
4511995933 4544243706 32247773 611968 544736 2 24
4612060186 4630996386 18936200 544736 490592 1 4
4712031133 4732386920 20355787 490592 436000 1 6
4812027840 4830807066 18779226 436000 376960 0 0
4912021666 4932999773 20978107 376960 312160 0 0
5012006306 5032560066 20553760 312160 247360 0 0
5112006360 5132097320 20090960 814976 753056 0 0
Generated frames: 50
Received (and measured) frames: 50
Frame not ready event count (in detector): 0
Frames dropped due to full buffer in detector: 0
Frames processed by detector: 50
Detector stop indicator set: true
Reported missed detector periods (reported by waitForNextPeriod): 0
Detector first release was scheduled for: 3401000001
210593493 3401000001 0
310593533 3501000001 0
410593493 3601000001 0
510593533 3701000001 0
610593560 3801000001 0
710593533 3901000001 0
810593400 4001000001 0
910593573 4101000001 0
1010593480 4201000001 0
1110593360 4301000001 0
1210593546 4401000001 0
1310593480 4501000001 0
1410593466 4601000001 0
1510593373 4701000001 0
1610593506 4801000001 0
1710593360 4901000001 0
1810593586 5001000001 0
1910593600 5101000001 0
2010593440 5201000001 0
2110593346 5301000001 0
2210593573 5401000001 0
2310593586 5501000001 0
2410593413 5601000001 0
2510593386 5701000001 0
2610593413 5801000001 0
2710593426 5901000001 0
2810593386 6001000001 0
2910593626 6101000001 0
3010593413 6201000001 0
3110593600 6301000001 0
3210593360 6401000001 0
3310593586 6501000001 0
3410593613 6601000001 0
3510593493 6701000001 0
3610593546 6801000001 0
3710593520 6901000001 0
3810593373 7001000001 0
3910593453 7101000001 0
4010593560 7201000001 0
4110593546 7301000001 0
4210593600 7401000001 0
4310593560 7501000001 0
4410593586 7601000001 0
4510593546 7701000001 0
4610593560 7801000001 0
4710593666 7901000001 0
4810593373 8001000001 0
4910593506 8101000001 0
5010593413 8201000001 0
5110593413 8301000001 0
