Detector: detector priority is 6
Detector: detector period is 100
Detector is finished, processed all frames.
Dumping output [ timeBefore timeAfter timeDifference heapFreeBefore heapFreeAfter detectedCollisions suspectedCollisions ] for 50 recorded detector runs, in ns
219575853 225003586 5427733 814336 798496 1 4
320346173 338692746 18346573 798496 744032 1 4
420347120 450125106 29777986 744032 679360 2 24
520340786 539863853 19523067 679360 614240 0 0
620791880 652496000 31704120 614240 543840 3 24
720792386 753217986 32425600 543840 475392 2 28
820809306 837858373 17049067 475392 418912 0 0
920826373 939774173 18947800 418912 364000 1 6
1020824813 1038734146 17909333 364000 304640 0 0
1120819333 1139263293 18443960 304640 242400 0 0
1220795840 1240460493 19664653 814592 749472 0 0
1320803866 1340411440 19607574 749472 684352 0 0
1420812506 1438759506 17947000 684352 624992 0 0
1520830146 1536194360 15364214 624992 576736 1 2
1620827773 1637054946 16227173 576736 523136 0 0
1720818520 1751522333 30703813 523136 455584 2 24
1820800760 1861574120 40773360 455584 381152 3 42
1920794053 1938513920 17719867 381152 321792 0 0
2020804706 2046523813 25719107 321792 258912 2 16
2120843040 2139686440 18843400 258912 204000 1 6
2220828973 2239465013 18636040 814592 758496 0 4
2320828706 2339307773 18479067 758496 696256 0 0
2420803946 2439656600 18852654 696256 634016 0 0
2520808880 2539211213 18402333 634016 571776 0 0
2620812800 2639683853 18871053 571776 509536 0 0
2720831360 2739328520 18497160 509536 453440 0 4
2820829253 2840066840 19237587 453440 398528 1 6
2920821760 2946451986 25630226 398528 335648 2 16
3020827573 3039557653 18730080 335648 273408 0 0
3120796266 3157465133 36668867 273408 203200 3 36
3220805706 3251319693 30513987 814592 747040 2 24
3320811946 3337880066 17068120 747040 690560 0 0
3420845840 3436168586 15322746 690560 642304 1 2
3520836960 3537752840 16915880 642304 585824 0 0
3620830280 3639318306 18488026 585824 523584 0 0
3720799146 3741199653 20400507 523584 455584 0 0
3820804346 3839544360 18740014 455584 393344 0 0
3920806546 3937804400 16997854 393344 336864 0 0
4020844680 4040058240 19213560 336864 281952 1 6
4120831480 4137891173 17059693 281952 225472 0 0
4220831040 4253593853 32762813 814592 746144 2 28
4320802080 4352377973 31575893 746144 675744 3 24
4420796333 4440188773 19392440 675744 610624 0 0
4520801946 4551664973 30863027 610624 543072 2 24
4620866106 4638722906 17856800 543072 488608 1 4
4720836866 4740062626 19225760 488608 433696 1 6
4820834306 4838449386 17615080 433696 374336 0 0
4920827626 4940494400 19666774 374336 309216 0 0
5020812693 5040103946 19291253 309216 244096 0 0
5120813013 5139645640 18832627 814592 752352 0 0
Generated frames: 50
Received (and measured) frames: 50
Frame not ready event count (in detector): 0
Frames dropped due to full buffer in detector: 0
Frames processed by detector: 50
Detector stop indicator set: true
Reported missed detector periods (reported by waitForNextPeriod): 0
Detector first release was scheduled for: 3401000001
219401066 3401000001 0
319401093 3501000001 0
419401053 3601000001 0
519401106 3701000001 0
619401066 3801000001 0
719401133 3901000001 0
819401120 4001000001 0
919401053 4101000001 0
1019401093 4201000001 0
1119401133 4301000001 0
1219401106 4401000001 0
1319401013 4501000001 0
1419401160 4601000001 0
1519401000 4701000001 0
1619401106 4801000001 0
1719401013 4901000001 0
1819401133 5001000001 0
1919401000 5101000001 0
2019401013 5201000001 0
2119401160 5301000001 0
2219401146 5401000001 0
2319401000 5501000001 0
2419401200 5601000001 0
2519401013 5701000001 0
2619401080 5801000001 0
2719401066 5901000001 0
2819401160 6001000001 0
2919401146 6101000001 0
3019401066 6201000001 0
3119401066 6301000001 0
3219401066 6401000001 0
3319401186 6501000001 0
3419401120 6601000001 0
3519401120 6701000001 0
3619401080 6801000001 0
3719401120 6901000001 0
3819401066 7001000001 0
3919401013 7101000001 0
4019401200 7201000001 0
4119401133 7301000001 0
4219401146 7401000001 0
4319401000 7501000001 0
4419401040 7601000001 0
4519401133 7701000001 0
4619401093 7801000001 0
4719401106 7901000001 0
4819401133 8001000001 0
4919401133 8101000001 0
5019401053 8201000001 0
5119401066 8301000001 0
