Detector: detector priority is 6
Detector: detector period is 100
Detector is finished, processed all frames.
Dumping output [ timeBefore timeAfter timeDifference heapFreeBefore heapFreeAfter detectedCollisions suspectedCollisions ] for 50 recorded detector runs, in ns
275702200 281130453 5428253 814336 798496 1 4
376472320 394818000 18345680 798496 744032 1 4
476473626 506251746 29778120 744032 679360 2 24
576466800 595990360 19523560 679360 614240 0 0
676918586 708622466 31703880 614240 543840 3 24
776918666 809342866 32424200 543840 475392 2 28
876935493 893984093 17048600 475392 418912 0 0
976954426 995921773 18967347 418912 364000 1 6
1076951293 1094861146 17909853 364000 304640 0 0
1176945746 1195390800 18445054 304640 242400 0 0
1276921760 1296584746 19662986 814592 749472 0 0
1376930200 1396538000 19607800 749472 684352 0 0
1476939040 1494886680 17947640 684352 624992 0 0
1576956626 1592322346 15365720 624992 576736 1 2
1676954160 1693183440 16229280 576736 523136 0 0
1776944840 1807647226 30702386 523136 455584 2 24
1876927280 1917702040 40774760 455584 381152 3 42
1976921826 1994658680 17736854 381152 321792 0 0
2076930973 2102649786 25718813 321792 258912 2 16
2176969560 2195812173 18842613 258912 204000 1 6
2276955360 2295592613 18637253 814592 758496 0 4
2376955160 2395434946 18479786 758496 696256 0 0
2476930293 2495782746 18852453 696256 634016 0 0
2576935240 2595337266 18402026 634016 571776 0 0
2676939120 2695808880 18869760 571776 509536 0 0
2776957586 2795454613 18497027 509536 453440 0 4
2876955773 2896193960 19238187 453440 398528 1 6
2976948093 3002578293 25630200 398528 335648 2 16
3076953973 3095683266 18729293 335648 273408 0 0
3176922920 3213592573 36669653 273408 203200 3 36
3276932373 3307446146 30513773 814592 747040 2 24
3376938080 3394006266 17068186 747040 690560 0 0
3476972186 3492294866 15322680 690560 642304 1 2
3576963506 3593878586 16915080 642304 585824 0 0
3676956920 3695444133 18487213 585824 523584 0 0
3776925653 3797326666 20401013 523584 455584 0 0
3876930653 3895670573 18739920 455584 393344 0 0
3976932933 3993931200 16998267 393344 336864 0 0
4076970600 4096183746 19213146 336864 281952 1 6
4176958040 4194018240 17060200 281952 225472 0 0
4276957213 4309721333 32764120 814592 746144 2 28
4376928346 4408502400 31574054 746144 675744 3 24
4476922386 4496314146 19391760 675744 610624 0 0
4576928053 4607789960 30861907 610624 543072 2 24
4676992533 4694849693 17857160 543072 488608 1 4
4776962920 4796188093 19225173 488608 433696 1 6
4876960946 4894576360 17615414 433696 374336 0 0
4976954026 4996619226 19665200 374336 309216 0 0
5076939013 5096229946 19290933 309216 244096 0 0
5176939386 5195771440 18832054 814592 752352 0 0
Generated frames: 50
Received (and measured) frames: 50
Frame not ready event count (in detector): 0
Frames dropped due to full buffer in detector: 0
Frames processed by detector: 50
Detector stop indicator set: true
Reported missed detector periods (reported by waitForNextPeriod): 0
Detector first release was scheduled for: 3401000001
275527453 3401000001 0
375527426 3501000001 0
475527560 3601000001 0
575527426 3701000001 0
675527426 3801000001 0
775527426 3901000001 0
875527453 4001000001 0
975527413 4101000001 0
1075527466 4201000001 0
1175527373 4301000001 0
1275527346 4401000001 0
1375527453 4501000001 0
1475527453 4601000001 0
1575527360 4701000001 0
1675527493 4801000001 0
1775527480 4901000001 0
1875527466 5001000001 0
1975527440 5101000001 0
2075527466 5201000001 0
2175527586 5301000001 0
2275527506 5401000001 0
2375527426 5501000001 0
2475527346 5601000001 0
2575527480 5701000001 0
2675527466 5801000001 0
2775527493 5901000001 0
2875527493 6001000001 0
2975527466 6101000001 0
3075527586 6201000001 0
3175527520 6301000001 0
3275527426 6401000001 0
3375527466 6501000001 0
3475527466 6601000001 0
3575527413 6701000001 0
3675527533 6801000001 0
3775527466 6901000001 0
3875527386 7001000001 0
3975527440 7101000001 0
4075527466 7201000001 0
4175527546 7301000001 0
4275527413 7401000001 0
4375527533 7501000001 0
4475527493 7601000001 0
4575527453 7701000001 0
4675527573 7801000001 0
4775527493 7901000001 0
4875527506 8001000001 0
4975527506 8101000001 0
5075527466 8201000001 0
5175527480 8301000001 0
