Detector: detector priority is 6
Detector: detector period is 100
Detector is finished, processed all frames.
Dumping output [ timeBefore timeAfter timeDifference heapFreeBefore heapFreeAfter detectedCollisions suspectedCollisions ] for 50 recorded detector runs, in ns
233667626 238798000 5130374 814464 798624 1 4
334414173 352511480 18097307 798624 744160 1 4
434416640 462097866 27681226 744160 679488 2 24
534410160 554108133 19697973 679488 614368 0 0
634844466 664452413 29607947 614368 543968 3 24
734844440 764807133 29962693 543968 475520 2 28
834860866 852052706 17191840 475520 419040 0 0
934886653 953431226 18544573 419040 364128 1 6
1034883653 1052938746 18055093 364128 304768 0 0
1134878293 1153495626 18617333 304768 242528 0 0
1234849013 1254670133 19821120 814592 749472 0 0
1334855600 1354620613 19765013 749472 684352 0 0
1434865106 1452951306 18086200 684352 624992 0 0
1534889893 1550184480 15294587 624992 576736 1 2
1634887360 1651239706 16352346 576736 523136 0 0
1734878466 1763481000 28602534 523136 455584 2 24
1834853546 1871839026 36985480 455584 381152 3 42
1934849253 1952749093 17899840 381152 321792 0 0
2034857440 2059244786 24387346 321792 258912 2 16
2134900840 2153344466 18443626 258912 204000 1 6
2234887173 2253301226 18414053 814592 758496 0 4
2334888320 2353558040 18669720 758496 696256 0 0
2434855733 2453869453 19013720 696256 634016 0 0
2534860506 2553453906 18593400 634016 571776 0 0
2634865080 2653898080 19033000 571776 509536 0 0
2734882066 2753161146 18279080 509536 453440 0 4
2834887573 2853699853 18812280 453440 398528 1 6
2934879893 2959164760 24284867 398528 335648 2 16
3034885213 3053775613 18890400 335648 273408 0 0
3134848320 3168304546 33456226 273408 203200 3 36
3234857293 3263284213 28426920 814592 747040 2 24
3334863293 3352073973 17210680 747040 690560 0 0
3434903880 3450164386 15260506 690560 642304 1 2
3534895413 3551957920 17062507 642304 585824 0 0
3634888733 3653549586 18660853 585824 523584 0 0
3734853373 3755425666 20572293 523584 455584 0 0
3834856893 3853744920 18888027 455584 393344 0 0
3934859266 3951996480 17137214 393344 336864 0 0
4034903213 4053677440 18774227 336864 281952 1 6
4134891573 4152088800 17197227 281952 225472 0 0
4234890186 4265177640 30287454 814592 746144 2 28
4334855026 4364340133 29485107 746144 675744 3 24
4434849173 4454425666 19576493 675744 610624 0 0
4534855480 4563620053 28764573 610624 543072 2 24
4634923280 4652569746 17646466 543072 488608 1 4
4734895146 4753697880 18802734 488608 433696 1 6
4834892733 4852689680 17796947 433696 374336 0 0
4934887613 4954729093 19841480 374336 309216 0 0
5034865133 5054354773 19489640 309216 244096 0 0
5134865266 5153857960 18992694 814592 752352 0 0
Generated frames: 50
Received (and measured) frames: 50
Frame not ready event count (in detector): 0
Frames dropped due to full buffer in detector: 0
Frames processed by detector: 50
Detector stop indicator set: true
Reported missed detector periods (reported by waitForNextPeriod): 0
Detector first release was scheduled for: 3401000001
233515560 3401000001 0
333515426 3501000001 0
433515680 3601000001 0
533515386 3701000001 0
633515600 3801000001 0
733515560 3901000001 0
833515653 4001000001 0
933515613 4101000001 0
1033515373 4201000001 0
1133515626 4301000001 0
1233515653 4401000001 0
1333515453 4501000001 0
1433515653 4601000001 0
1533515560 4701000001 0
1633515573 4801000001 0
1733515680 4901000001 0
1833515600 5001000001 0
1933515573 5101000001 0
2033515586 5201000001 0
2133515533 5301000001 0
2233515600 5401000001 0
2333515626 5501000001 0
2433515560 5601000001 0
2533515560 5701000001 0
2633515640 5801000001 0
2733515386 5901000001 0
2833515440 6001000001 0
2933515533 6101000001 0
3033515560 6201000001 0
3133515666 6301000001 0
3233515373 6401000001 0
3333515600 6501000001 0
3433515720 6601000001 0
3533515373 6701000001 0
3633515413 6801000001 0
3733515600 6901000001 0
3833515573 7001000001 0
3933515560 7101000001 0
4033515373 7201000001 0
4133515613 7301000001 0
4233515626 7401000001 0
4333515400 7501000001 0
4433515426 7601000001 0
4533515693 7701000001 0
4633515440 7801000001 0
4733515533 7901000001 0
4833515600 8001000001 0
4933515466 8101000001 0
5033515546 8201000001 0
5133515586 8301000001 0
