Detector: detector priority is 6
Detector: detector period is 100
Detector is finished, processed all frames.
Dumping output [ timeBefore timeAfter timeDifference heapFreeBefore heapFreeAfter detectedCollisions suspectedCollisions ] for 50 recorded detector runs, in ns
459981333 465806946 5825613 814784 799264 1 4
560752293 580230826 19478533 799264 745120 1 4
660753533 691835453 31081920 745120 680768 2 24
760747000 781560333 20813333 680768 615968 0 0
861199240 894329506 33130266 615968 545888 3 24
961199760 994975120 33775360 545888 477760 2 28
1061216320 1079411573 18195253 477760 421600 0 0
1161235413 1181300306 20064893 421600 367008 1 6
1261232453 1280343920 19111467 367008 307968 0 0
1361226866 1380881720 19654854 307968 246048 0 0
1461203386 1482178480 20975094 814976 750176 0 0
1561211466 1582117226 20905760 750176 685376 0 0
1661220066 1680367760 19147694 685376 626336 0 0
1761237720 1777580506 16342786 626336 578400 1 2
1861235293 1878547280 17311987 578400 525120 0 0
1961226146 1993286653 32060507 525120 457888 2 24
2061208466 2103502266 42293800 457888 383776 3 42
2161203133 2180118946 18915813 383776 324736 0 0
2261211960 2288203960 26992000 324736 262176 2 16
2361250360 2381180066 19929706 262176 207584 1 6
2461236413 2481020466 19784053 814976 759200 0 4
2561236040 2580930253 19694213 759200 697280 0 0
2661211186 2681324546 20113360 697280 635360 0 0
2761216200 2780825306 19609106 635360 573440 0 0
2861220053 2881356346 20136293 573440 511520 0 0
2961238466 2980849626 19611160 511520 455744 0 4
3061236346 3081601293 20364947 455744 401152 1 6
3161228746 3188118840 26890094 401152 338592 2 16
3261234920 3281211306 19976386 338592 276672 0 0
3361203386 3399299546 38096160 276672 206784 3 36
3461213600 3493062826 31849226 814976 747744 2 24
3561219066 3579436706 18217640 747744 691584 0 0
3661253213 3677547453 16294240 691584 643648 1 2
3761244493 3779286666 18042173 643648 587488 0 0
3861238040 3880942520 19704480 587488 525568 0 0
3961206720 3982954120 21747400 525568 457888 0 0
4061212040 4081194813 19982773 457888 395968 0 0
4161214533 4179345346 18130813 395968 339808 0 0
4261251946 4281586960 20335014 339808 285216 1 6
4361238946 4379435160 18196214 285216 229056 0 0
4461238426 4495393226 34154800 814976 746848 2 28
4561209653 4594207120 32997467 746848 676768 3 24
4661203666 4681870133 20666467 676768 611968 0 0
4761209480 4793454746 32245266 611968 544736 2 24
4861273293 4880209560 18936267 544736 490592 1 4
4961243760 4981599413 20355653 490592 436000 1 6
5061241693 5080021333 18779640 436000 376960 0 0
5161235213 5182213360 20978147 376960 312160 0 0
5261219333 5281772413 20553080 312160 247360 0 0
5361219800 5381309613 20089813 814976 753056 0 0
Generated frames: 50
Received (and measured) frames: 50
Frame not ready event count (in detector): 0
Frames dropped due to full buffer in detector: 0
Frames processed by detector: 50
Detector stop indicator set: true
Reported missed detector periods (reported by waitForNextPeriod): 0
Detector first release was scheduled for: 3801000001
459806800 3801000001 0
559806746 3901000001 0
659806733 4001000001 0
759806746 4101000001 0
859806880 4201000001 0
959806826 4301000001 0
1059806853 4401000001 0
1159806746 4501000001 0
1259806760 4601000001 0
1359806866 4701000001 0
1459806720 4801000001 0
1559806746 4901000001 0
1659806720 5001000001 0
1759806800 5101000001 0
1859806733 5201000001 0
1959806906 5301000001 0
2059806906 5401000001 0
2159806893 5501000001 0
2259806880 5601000001 0
2359806906 5701000001 0
2459806800 5801000001 0
2559806920 5901000001 0
2659806853 6001000001 0
2759806680 6101000001 0
2859806746 6201000001 0
2959806800 6301000001 0
3059806813 6401000001 0
3159806773 6501000001 0
3259806946 6601000001 0
3359806720 6701000001 0
3459806933 6801000001 0
3559806800 6901000001 0
3659806706 7001000001 0
3759806720 7101000001 0
3859806880 7201000001 0
3959806800 7301000001 0
4059806933 7401000001 0
4159806920 7501000001 0
4259806746 7601000001 0
4359806760 7701000001 0
4459806746 7801000001 0
4559806880 7901000001 0
4659806773 8001000001 0
4759806946 8101000001 0
4859806866 8201000001 0
4959806866 8301000001 0
5059806853 8401000001 0
5159806760 8501000001 0
5259806760 8601000001 0
5359806880 8701000001 0
