Detector: detector priority is 6
Detector: detector period is 100
Detector is finished, processed all frames.
Dumping output [ timeBefore timeAfter timeDifference heapFreeBefore heapFreeAfter detectedCollisions suspectedCollisions ] for 50 recorded detector runs, in ns
285498213 290628773 5130560 814464 798624 1 4
386245093 404342173 18097080 798624 744160 1 4
486247466 513929066 27681600 744160 679488 2 24
586241253 605939026 19697773 679488 614368 0 0
686675413 716294746 29619333 614368 543968 3 24
786673746 816637800 29964054 543968 475520 2 28
886691360 903883560 17192200 475520 419040 0 0
986717720 1005262560 18544840 419040 364128 1 6
1086714800 1104770533 18055733 364128 304768 0 0
1186708560 1205323613 18615053 304768 242528 0 0
1286679773 1306502040 19822267 814592 749472 0 0
1386686546 1406451640 19765094 749472 684352 0 0
1486695546 1504780786 18085240 684352 624992 0 0
1586720520 1602016013 15295493 624992 576736 1 2
1686718586 1703076453 16357867 576736 523136 0 0
1786709186 1815312226 28603040 523136 455584 2 24
1886684413 1923670946 36986533 455584 381152 3 42
1986679666 2004580293 17900627 381152 321792 0 0
2086688213 2111074520 24386307 321792 258912 2 16
2186732160 2205176440 18444280 258912 204000 1 6
2286718000 2305131200 18413200 814592 758496 0 4
2386719120 2405387426 18668306 758496 696256 0 0
2486686840 2505701720 19014880 696256 634016 0 0
2586691346 2605284906 18593560 634016 571776 0 0
2686695973 2705729253 19033280 571776 509536 0 0
2786712946 2804991506 18278560 509536 453440 0 4
2886718560 2905531026 18812466 453440 398528 1 6
2986710706 3010995546 24284840 398528 335648 2 16
3086716226 3105606720 18890494 335648 273408 0 0
3186678826 3220135053 33456227 273408 203200 3 36
3286688306 3315114746 28426440 814592 747040 2 24
3386694493 3403904666 17210173 747040 690560 0 0
3486734240 3501994120 15259880 690560 642304 1 2
3586726613 3603789133 17062520 642304 585824 0 0
3686719893 3705381253 18661360 585824 523584 0 0
3786684093 3807256066 20571973 523584 455584 0 0
3886687613 3905575080 18887467 455584 393344 0 0
3986690453 4003826760 17136307 393344 336864 0 0
4086734226 4105508053 18773827 336864 281952 1 6
4186721920 4203919840 17197920 281952 225472 0 0
4286720906 4317009146 30288240 814592 746144 2 28
4386686053 4416170760 29484707 746144 675744 3 24
4486680266 4506256253 19575987 675744 610624 0 0
4586686360 4615450800 28764440 610624 543072 2 24
4686754480 4704400280 17645800 543072 488608 1 4
4786726266 4805529413 18803147 488608 433696 1 6
4886723266 4904520146 17796880 433696 374336 0 0
4986718826 5006559786 19840960 374336 309216 0 0
5086696240 5106185013 19488773 309216 244096 0 0
5186695880 5205689320 18993440 814592 752352 0 0
Generated frames: 50
Received (and measured) frames: 50
Frame not ready event count (in detector): 0
Frames dropped due to full buffer in detector: 0
Frames processed by detector: 50
Detector stop indicator set: true
Reported missed detector periods (reported by waitForNextPeriod): 0
Detector first release was scheduled for: 3401000001
285346386 3401000001 0
385346480 3501000001 0
485346506 3601000001 0
585346520 3701000001 0
685346506 3801000001 0
785346226 3901000001 0
885346226 4001000001 0
985346493 4101000001 0
1085346426 4201000001 0
1185346253 4301000001 0
1285346533 4401000001 0
1385346493 4501000001 0
1485346453 4601000001 0
1585346280 4701000001 0
1685346426 4801000001 0
1785346400 4901000001 0
1885346480 5001000001 0
1985346253 5101000001 0
2085346546 5201000001 0
2185346560 5301000001 0
2285346226 5401000001 0
2385346520 5501000001 0
2485346400 5601000001 0
2585346506 5701000001 0
2685346520 5801000001 0
2785346293 5901000001 0
2885346400 6001000001 0
2985346306 6101000001 0
3085346546 6201000001 0
3185346280 6301000001 0
3285346466 6401000001 0
3385346533 6501000001 0
3485346266 6601000001 0
3585346426 6701000001 0
3685346426 6801000001 0
3785346560 6901000001 0
3885346320 7001000001 0
3985346493 7101000001 0
4085346293 7201000001 0
4185346226 7301000001 0
4285346400 7401000001 0
4385346333 7501000001 0
4485346533 7601000001 0
4585346453 7701000001 0
4685346560 7801000001 0
4785346520 7901000001 0
4885346426 8001000001 0
4985346453 8101000001 0
5085346426 8201000001 0
5185346453 8301000001 0
