Detector: detector priority is 6
Detector: detector period is 100
Detector is finished, processed all frames.
Dumping output [ timeBefore timeAfter timeDifference heapFreeBefore heapFreeAfter detectedCollisions suspectedCollisions ] for 50 recorded detector runs, in ns
224918053 229246253 4328200 814240 804448 1 4
325665080 340848520 15183440 804352 775776 1 4
425667653 449843493 24175840 775680 738688 2 24
525661360 541805573 16144213 738592 705760 0 0
626095533 651886626 25791093 705664 666016 3 24
726093946 752325173 26231227 665920 626432 2 28
826111693 840258053 14146360 626336 597536 0 0
926137453 941716173 15578720 597440 568288 1 6
1026134053 1040983880 14849827 568192 538048 0 0
1126128400 1141349066 15220666 537952 506464 0 0
1226099653 1242386186 16286533 506368 473536 0 0
1326106293 1342333600 16227307 473440 440608 0 0
1426115466 1441001280 14885814 440512 410368 0 0
1526140626 1538859546 12718920 410272 384960 1 2
1626137466 1639621960 13484494 384864 357408 0 0
1726127373 1751065426 24938053 357312 318976 2 24
1826104426 1859056653 32952227 318880 274048 3 42
1926099840 1940774786 14674946 273952 243808 0 0
2026108120 2047086346 20978226 814528 779840 2 16
2126152013 2141608853 15456840 779744 750592 1 6
2226138013 2241425613 15287600 750496 721952 0 4
2326138440 2341393893 15255453 721856 690368 0 0
2426106533 2441739946 15633413 690272 658784 0 0
2526111160 2541289800 15178640 658688 627200 0 0
2626115560 2641769200 15653640 627104 595616 0 0
2726132893 2741283653 15150760 595520 566976 0 4
2826138546 2841998240 15859694 566880 537728 1 6
2926130506 2947006040 20875534 537632 502944 2 16
3026135973 3041645880 15509907 502848 471360 0 0
3126098893 3155750106 29651213 471264 429504 3 36
3226107653 3250853840 24746187 429408 391072 2 24
3326114146 3340280306 14166160 390976 362176 0 0
3426153946 3438828293 12674347 362080 336768 1 2
3526146053 3540156173 14010120 336672 307872 0 0
3626139066 3641404253 15265187 307776 276288 0 0
3726103986 3742967906 16863920 276192 242016 0 0
3826107626 3841625773 15518147 814528 783040 0 0
3926110306 3940203706 14093400 782944 754144 0 0
4026154200 4041984520 15830320 754048 724896 1 6
4126141893 4140301106 14159213 724800 696000 0 0
4226140573 4252722653 26582080 695904 656416 2 28
4326106160 4351764986 25658826 656320 616672 3 24
4426100000 4442112293 16012293 616576 583744 0 0
4526106333 4551211666 25105333 583648 545312 2 24
4626174160 4640856826 14682666 545216 516640 1 4
4726145880 4741987520 15841640 516544 487392 1 6
4826143093 4840692640 14549547 487296 457152 0 0
4926137826 4942428866 16291040 457056 424224 0 0
5026115893 5042023546 15907653 424128 391296 0 0
5126116053 5141730253 15614200 391200 359712 0 0
Generated frames: 50
Received (and measured) frames: 50
Frame not ready event count (in detector): 0
Frames dropped due to full buffer in detector: 0
Frames processed by detector: 50
Detector stop indicator set: true
Reported missed detector periods (reported by waitForNextPeriod): 0
Detector first release was scheduled for: 4294970701000001
224766186 4294970701000001 0
324766253 4294970801000001 0
424766506 4294970901000001 0
524766440 4294971001000001 0
624766346 4294971101000001 0
724766173 4294971201000001 0
824766253 4294971301000001 0
924766520 4294971401000001 0
1024766400 4294971501000001 0
1124766173 4294971601000001 0
1224766440 4294971701000001 0
1324766413 4294971801000001 0
1424766240 4294971901000001 0
1524766520 4294972001000001 0
1624766520 4294972101000001 0
1724766173 4294972201000001 0
1824766386 4294972301000001 0
1924766453 4294972401000001 0
2024766400 4294972501000001 0
2124766413 4294972601000001 0
2224766213 4294972701000001 0
2324766186 4294972801000001 0
2424766173 4294972901000001 0
2524766360 4294973001000001 0
2624766240 4294973101000001 0
2724766226 4294973201000001 0
2824766386 4294973301000001 0
2924766226 4294973401000001 0
3024766466 4294973501000001 0
3124766466 4294973601000001 0
3224766173 4294973701000001 0
3324766400 4294973801000001 0
3424766186 4294973901000001 0
3524766466 4294974001000001 0
3624766280 4294974101000001 0
3724766400 4294974201000001 0
3824766386 4294974301000001 0
3924766493 4294974401000001 0
4024766440 4294974501000001 0
4124766400 4294974601000001 0
4224766266 4294974701000001 0
4324766440 4294974801000001 0
4424766506 4294974901000001 0
4524766533 4294975001000001 0
4624766440 4294975101000001 0
4724766360 4294975201000001 0
4824766440 4294975301000001 0
4924766226 4294975401000001 0
5024766226 4294975501000001 0
5124766506 4294975601000001 0
