Detector: detector priority is 6
Detector: detector period is 100
Detector is finished, processed all frames.
Dumping output [ timeBefore timeAfter timeDifference heapFreeBefore heapFreeAfter detectedCollisions suspectedCollisions ] for 50 recorded detector runs, in ns
242052960 246380866 4327906 814240 804448 1 4
342800093 357983880 15183787 804352 775776 1 4
442802373 466971146 24168773 775680 738688 2 24
542795973 558935746 16139773 738592 705760 0 0
643230546 669021493 25790947 705664 666016 3 24
743230600 769471146 26240546 665920 626432 2 28
843246440 857392200 14145760 626336 597536 0 0
943271960 958849880 15577920 597440 568288 1 6
1043268920 1058118533 14849613 568192 538048 0 0
1143263280 1158482666 15219386 537952 506464 0 0
1243234466 1259520960 16286494 506368 473536 0 0
1343241226 1359468786 16227560 473440 440608 0 0
1443250386 1458132733 14882347 440512 410368 0 0
1543275160 1555994973 12719813 410272 384960 1 2
1643272760 1656756880 13484120 384864 357408 0 0
1743264013 1768205080 24941067 357312 318976 2 24
1843239120 1876190426 32951306 318880 274048 3 42
1943234746 1957909080 14674334 273952 243808 0 0
2043242906 2064220613 20977707 814528 779840 2 16
2143286733 2158745440 15458707 779744 750592 1 6
2243272493 2258559853 15287360 750496 721952 0 4
2343273373 2358528706 15255333 721856 690368 0 0
2443241773 2458875546 15633773 690272 658784 0 0
2543246146 2558425840 15179694 658688 627200 0 0
2643250466 2658903560 15653094 627104 595616 0 0
2743267800 2758418093 15150293 595520 566976 0 4
2843272880 2859133346 15860466 566880 537728 1 6
2943265493 2964141440 20875947 537632 502944 2 16
3043270546 3058780466 15509920 502848 471360 0 0
3143233920 3172886493 29652573 471264 429504 3 36
3243242906 3267988933 24746027 429408 391072 2 24
3343248480 3357413573 14165093 390976 362176 0 0
3443289200 3455963760 12674560 362080 336768 1 2
3543280626 3557290680 14010054 336672 307872 0 0
3643274293 3658538506 15264213 307776 276288 0 0
3743238546 3760102960 16864414 276192 242016 0 0
3843242226 3858760213 15517987 814528 783040 0 0
3943244866 3957338160 14093294 782944 754144 0 0
4043288560 4059119986 15831426 754048 724896 1 6
4143276813 4157435586 14158773 724800 696000 0 0
4243275386 4269857640 26582254 695904 656416 2 28
4343240986 4368900733 25659747 656320 616672 3 24
4443234680 4459246013 16011333 616576 583744 0 0
4543240960 4568345546 25104586 583648 545312 2 24
4643309066 4657992160 14683094 545216 516640 1 4
4743280706 4759122106 15841400 516544 487392 1 6
4843278106 4857827560 14549454 487296 457152 0 0
4943273186 4959565453 16292267 457056 424224 0 0
5043250453 5059158480 15908027 424128 391296 0 0
5143250933 5158864480 15613547 391200 359712 0 0
Generated frames: 50
Received (and measured) frames: 50
Frame not ready event count (in detector): 0
Frames dropped due to full buffer in detector: 0
Frames processed by detector: 50
Detector stop indicator set: true
Reported missed detector periods (reported by waitForNextPeriod): 0
Detector first release was scheduled for: 4294970701000001
241901266 4294970701000001 0
341901160 4294970801000001 0
441901026 4294970901000001 0
541901200 4294971001000001 0
641901253 4294971101000001 0
741901213 4294971201000001 0
841900986 4294971301000001 0
941901013 4294971401000001 0
1041901253 4294971501000001 0
1141901200 4294971601000001 0
1241901306 4294971701000001 0
1341901253 4294971801000001 0
1441901426 4294971901000001 0
1541900986 4294972001000001 0
1641901226 4294972101000001 0
1741901146 4294972201000001 0
1841901120 4294972301000001 0
1941901213 4294972401000001 0
2041901186 4294972501000001 0
2141901146 4294972601000001 0
2241900973 4294972701000001 0
2341900960 4294972801000001 0
2441901240 4294972901000001 0
2541901253 4294973001000001 0
2641901240 4294973101000001 0
2741901026 4294973201000001 0
2841901186 4294973301000001 0
2941901253 4294973401000001 0
3041900960 4294973501000001 0
3141901226 4294973601000001 0
3241900960 4294973701000001 0
3341900960 4294973801000001 0
3441901186 4294973901000001 0
3541901213 4294974001000001 0
3641901240 4294974101000001 0
3741901093 4294974201000001 0
3841900960 4294974301000001 0
3941901186 4294974401000001 0
4041900960 4294974501000001 0
4141901040 4294974601000001 0
4241901186 4294974701000001 0
4341901240 4294974801000001 0
4441900960 4294974901000001 0
4541901240 4294975001000001 0
4641901293 4294975101000001 0
4741901120 4294975201000001 0
4841901293 4294975301000001 0
4941901226 4294975401000001 0
5041900960 4294975501000001 0
5141901240 4294975601000001 0
