Detector: detector priority is 6
Detector: detector period is 100
Detector is finished, processed all frames.
Dumping output [ timeBefore timeAfter timeDifference heapFreeBefore heapFreeAfter detectedCollisions suspectedCollisions ] for 50 recorded detector runs, in ns
580334946 584663280 4328334 814240 804448 1 4
681081866 696264840 15182974 804352 775776 1 4
781084413 805260293 24175880 775680 738688 2 24
881078066 897222373 16144307 738592 705760 0 0
981512466 1007304093 25791627 705664 666016 3 24
1081512520 1107753733 26241213 665920 626432 2 28
1181528666 1195674666 14146000 626336 597536 0 0
1281554173 1297133520 15579347 597440 568288 1 6
1381550800 1396398946 14848146 568192 538048 0 0
1481545133 1496765960 15220827 537952 506464 0 0
1581516066 1597803040 16286974 506368 473536 0 0
1681523106 1697750680 16227574 473440 440608 0 0
1781532386 1796418586 14886200 440512 410368 0 0
1881557133 1894277173 12720040 410272 384960 1 2
1981554386 1995039120 13484734 384864 357408 0 0
2081545720 2106487773 24942053 357312 318976 2 24
2181520800 2214473653 32952853 318880 274048 3 42
2281516413 2296190933 14674520 273952 243808 0 0
2381525040 2402502800 20977760 814528 779840 2 16
2481568520 2497026880 15458360 779744 750592 1 6
2581554546 2596842053 15287507 750496 721952 0 4
2681555680 2696811773 15256093 721856 690368 0 0
2781523386 2797156973 15633587 690272 658784 0 0
2881527800 2896707040 15179240 658688 627200 0 0
2981532426 2997186346 15653920 627104 595616 0 0
3081549426 3096699466 15150040 595520 566976 0 4
3181554920 3197414800 15859880 566880 537728 1 6
3281547760 3302422960 20875200 537632 502944 2 16
3381552760 3397062213 15509453 502848 471360 0 0
3481515613 3511166573 29650960 471264 429504 3 36
3581524986 3606270706 24745720 429408 391072 2 24
3681531133 3695696866 14165733 390976 362176 0 0
3781570760 3794245413 12674653 362080 336768 1 2
3881562920 3895573360 14010440 336672 307872 0 0
3981555706 3996820213 15264507 307776 276288 0 0
4081519946 4098385120 16865174 276192 242016 0 0
4181524373 4197042493 15518120 814528 783040 0 0
4281527253 4295621066 14093813 782944 754144 0 0
4381570640 4397402640 15832000 754048 724896 1 6
4481558626 4495718253 14159627 724800 696000 0 0
4581557293 4608139520 26582227 695904 656416 2 28
4681522680 4707181866 25659186 656320 616672 3 24
4781516746 4797528013 16011267 616576 583744 0 0
4881522560 4906628426 25105866 583648 545312 2 24
4981590933 4996273373 14682440 545216 516640 1 4
5081562840 5097403440 15840600 516544 487392 1 6
5181559706 5196109653 14549947 487296 457152 0 0
5281555160 5297846946 16291786 457056 424224 0 0
5381532613 5397440413 15907800 424128 391296 0 0
5481532520 5497146613 15614093 391200 359712 0 0
Generated frames: 50
Received (and measured) frames: 50
Frame not ready event count (in detector): 0
Frames dropped due to full buffer in detector: 0
Frames processed by detector: 50
Detector stop indicator set: true
Reported missed detector periods (reported by waitForNextPeriod): 0
Detector first release was scheduled for: 4294971301000001
580183146 4294971301000001 0
680183253 4294971401000001 0
780183133 4294971501000001 0
880183120 4294971601000001 0
980183120 4294971701000001 0
1080183000 4294971801000001 0
1180183066 4294971901000001 0
1280183080 4294972001000001 0
1380183080 4294972101000001 0
1480183053 4294972201000001 0
1580183106 4294972301000001 0
1680183173 4294972401000001 0
1780183120 4294972501000001 0
1880183106 4294972601000001 0
1980182893 4294972701000001 0
2080183106 4294972801000001 0
2180182933 4294972901000001 0
2280183000 4294973001000001 0
2380183200 4294973101000001 0
2480183186 4294973201000001 0
2580182933 4294973301000001 0
2680182946 4294973401000001 0
2780183146 4294973501000001 0
2880182946 4294973601000001 0
2980183173 4294973701000001 0
3080183133 4294973801000001 0
3180182933 4294973901000001 0
3280183240 4294974001000001 0
3380183240 4294974101000001 0
3480183173 4294974201000001 0
3580183133 4294974301000001 0
3680183173 4294974401000001 0
3780183226 4294974501000001 0
3880183173 4294974601000001 0
3980182946 4294974701000001 0
4080183120 4294974801000001 0
4180183106 4294974901000001 0
4280183253 4294975001000001 0
4380182893 4294975101000001 0
4480183080 4294975201000001 0
4580182960 4294975301000001 0
4680183146 4294975401000001 0
4780182933 4294975501000001 0
4880182906 4294975601000001 0
4980182986 4294975701000001 0
5080183160 4294975801000001 0
5180182986 4294975901000001 0
5280183133 4294976001000001 0
5380183080 4294976101000001 0
5480183133 4294976201000001 0
