Detector: detector priority is 6
Detector: detector period is 100
Detector is finished, processed all frames.
Dumping output [ timeBefore timeAfter timeDifference heapFreeBefore heapFreeAfter detectedCollisions suspectedCollisions ] for 50 recorded detector runs, in ns
314508080 318831626 4323546 814240 804448 1 4
415255053 430437773 15182720 804352 775776 1 4
515257253 539432880 24175627 775680 738688 2 24
615251613 631395680 16144067 738592 705760 0 0
715685520 741477453 25791933 705664 666016 3 24
815685346 841925626 26240280 665920 626432 2 28
915701853 929847373 14145520 626336 597536 0 0
1015727613 1031306200 15578587 597440 568288 1 6
1115724493 1130573613 14849120 568192 538048 0 0
1215718680 1230938973 15220293 537952 506464 0 0
1315689626 1331976573 16286947 506368 473536 0 0
1415696400 1431923480 16227080 473440 440608 0 0
1515705653 1530591560 14885907 440512 410368 0 0
1615730893 1628450026 12719133 410272 384960 1 2
1715727933 1729211573 13483640 384864 357408 0 0
1815719560 1840661680 24942120 357312 318976 2 24
1915694146 1948647626 32953480 318880 274048 3 42
2015689773 2030365080 14675307 273952 243808 0 0
2115698173 2136675853 20977680 814528 779840 2 16
2215741920 2231199786 15457866 779744 750592 1 6
2315727693 2331015906 15288213 750496 721952 0 4
2415728933 2430984173 15255240 721856 690368 0 0
2515696800 2531331240 15634440 690272 658784 0 0
2615701146 2630880146 15179000 658688 627200 0 0
2715705600 2731358986 15653386 627104 595616 0 0
2815722826 2830873440 15150614 595520 566976 0 4
2915728240 2931588066 15859826 566880 537728 1 6
3015720466 3036597360 20876894 537632 502944 2 16
3115725826 3131235106 15509280 502848 471360 0 0
3215688933 3245341080 29652147 471264 429504 3 36
3315698200 3340444066 24745866 429408 391072 2 24
3415704346 3429870440 14166094 390976 362176 0 0
3515743466 3528417413 12673947 362080 336768 1 2
3615735760 3629746760 14011000 336672 307872 0 0
3715728866 3730993720 15264854 307776 276288 0 0
3815693880 3832557720 16863840 276192 242016 0 0
3915697533 3931216253 15518720 814528 783040 0 0
4015700320 4029793400 14093080 782944 754144 0 0
4115744173 4131575973 15831800 754048 724896 1 6
4215732146 4229891440 14159294 724800 696000 0 0
4315730866 4342314000 26583134 695904 656416 2 28
4415696106 4441354253 25658147 656320 616672 3 24
4515690226 4531702226 16012000 616576 583744 0 0
4615696146 4640801026 25104880 583648 545312 2 24
4715764160 4730446973 14682813 545216 516640 1 4
4815735866 4831578053 15842187 516544 487392 1 6
4915733253 4930282266 14549013 487296 457152 0 0
5015728226 5032020453 16292227 457056 424224 0 0
5115705866 5131613440 15907574 424128 391296 0 0
5215705600 5231320000 15614400 391200 359712 0 0
Generated frames: 50
Received (and measured) frames: 50
Frame not ready event count (in detector): 0
Frames dropped due to full buffer in detector: 0
Frames processed by detector: 50
Detector stop indicator set: true
Reported missed detector periods (reported by waitForNextPeriod): 0
Detector first release was scheduled for: 4294970901000001
314356466 4294970901000001 0
414356400 4294971001000001 0
514356266 4294971101000001 0
614356493 4294971201000001 0
714356466 4294971301000001 0
814356240 4294971401000001 0
914356240 4294971501000001 0
1014356373 4294971601000001 0
1114356520 4294971701000001 0
1214356546 4294971801000001 0
1314356546 4294971901000001 0
1414356533 4294972001000001 0
1514356453 4294972101000001 0
1614356520 4294972201000001 0
1714356466 4294972301000001 0
1814356600 4294972401000001 0
1914356240 4294972501000001 0
2014356266 4294972601000001 0
2114356466 4294972701000001 0
2214356426 4294972801000001 0
2314356213 4294972901000001 0
2414356506 4294973001000001 0
2514356466 4294973101000001 0
2614356213 4294973201000001 0
2714356280 4294973301000001 0
2814356520 4294973401000001 0
2914356280 4294973501000001 0
3014356293 4294973601000001 0
3114356533 4294973701000001 0
3214356466 4294973801000001 0
3314356213 4294973901000001 0
3414356466 4294974001000001 0
3514356386 4294974101000001 0
3614356440 4294974201000001 0
3714356213 4294974301000001 0
3814356506 4294974401000001 0
3914356480 4294974501000001 0
4014356413 4294974601000001 0
4114356466 4294974701000001 0
4214356493 4294974801000001 0
4314356506 4294974901000001 0
4414356453 4294975001000001 0
4514356533 4294975101000001 0
4614356413 4294975201000001 0
4714356426 4294975301000001 0
4814356400 4294975401000001 0
4914356386 4294975501000001 0
5014356440 4294975601000001 0
5114356373 4294975701000001 0
5214356226 4294975801000001 0
