Detector: detector priority is 6
Detector: detector period is 100
Detector is finished, processed all frames.
Dumping output [ timeBefore timeAfter timeDifference heapFreeBefore heapFreeAfter detectedCollisions suspectedCollisions ] for 50 recorded detector runs, in ns
300310093 304638120 4328027 814240 804448 1 4
401057186 416240786 15183600 804352 775776 1 4
501059226 525235080 24175854 775680 738688 2 24
601053200 617196946 16143746 738592 705760 0 0
701487293 727278853 25791560 705664 666016 3 24
801487480 827728973 26241493 665920 626432 2 28
901503893 915650186 14146293 626336 597536 0 0
1001529253 1017108333 15579080 597440 568288 1 6
1101525706 1116374280 14848574 568192 538048 0 0
1201520573 1216741773 15221200 537952 506464 0 0
1301491306 1317778880 16287574 506368 473536 0 0
1401498013 1417725693 16227680 473440 440608 0 0
1501507266 1516392840 14885574 440512 410368 0 0
1601532280 1614250546 12718266 410272 384960 1 2
1701530026 1715014253 13484227 384864 357408 0 0
1801521013 1826463360 24942347 357312 318976 2 24
1901495933 1934448880 32952947 318880 274048 3 42
2001491600 2016166040 14674440 273952 243808 0 0
2101500066 2122478040 20977974 814528 779840 2 16
2201543693 2217001920 15458227 779744 750592 1 6
2301529600 2316817613 15288013 750496 721952 0 4
2401530640 2416787120 15256480 721856 690368 0 0
2501498440 2517131240 15632800 690272 658784 0 0
2601502866 2616680266 15177400 658688 627200 0 0
2701507653 2717160920 15653267 627104 595616 0 0
2801524760 2816675066 15150306 595520 566976 0 4
2901530000 2917389053 15859053 566880 537728 1 6
3001522306 3022397733 20875427 537632 502944 2 16
3101527506 3117036000 15508494 502848 471360 0 0
3201490840 3231142706 29651866 471264 429504 3 36
3301500040 3326246346 24746306 429408 391072 2 24
3401505760 3415671120 14165360 390976 362176 0 0
3501545613 3514219760 12674147 362080 336768 1 2
3601537786 3615548200 14010414 336672 307872 0 0
3701530826 3716795226 15264400 307776 276288 0 0
3801495333 3818359960 16864627 276192 242016 0 0
3901499440 3917018160 15518720 814528 783040 0 0
4001501693 4015594160 14092467 782944 754144 0 0
4101545640 4117377626 15831986 754048 724896 1 6
4201533866 4215693146 14159280 724800 696000 0 0
4301532666 4328115693 26583027 695904 656416 2 28
4401497720 4427156586 25658866 656320 616672 3 24
4501491840 4517503533 16011693 616576 583744 0 0
4601497866 4626602933 25105067 583648 545312 2 24
4701565880 4716248080 14682200 545216 516640 1 4
4801537893 4817379106 15841213 516544 487392 1 6
4901534533 4916083800 14549267 487296 457152 0 0
5001530173 5017821293 16291120 457056 424224 0 0
5101507653 5117415413 15907760 424128 391296 0 0
5201507560 5217121800 15614240 391200 359712 0 0
Generated frames: 50
Received (and measured) frames: 50
Frame not ready event count (in detector): 0
Frames dropped due to full buffer in detector: 0
Frames processed by detector: 50
Detector stop indicator set: true
Reported missed detector periods (reported by waitForNextPeriod): 0
Detector first release was scheduled for: 4294970801000001
300158240 4294970801000001 0
400158320 4294970901000001 0
500158013 4294971001000001 0
600158280 4294971101000001 0
700158000 4294971201000001 0
800158280 4294971301000001 0
900158173 4294971401000001 0
1000158280 4294971501000001 0
1100158213 4294971601000001 0
1200158240 4294971701000001 0
1300158266 4294971801000001 0
1400158053 4294971901000001 0
1500158053 4294972001000001 0
1600158293 4294972101000001 0
1700158213 4294972201000001 0
1800158053 4294972301000001 0
1900158013 4294972401000001 0
2000158226 4294972501000001 0
2100158253 4294972601000001 0
2200158200 4294972701000001 0
2300158053 4294972801000001 0
2400158253 4294972901000001 0
2500158280 4294973001000001 0
2600158000 4294973101000001 0
2700158200 4294973201000001 0
2800158280 4294973301000001 0
2900158013 4294973401000001 0
3000158213 4294973501000001 0
3100158000 4294973601000001 0
3200158226 4294973701000001 0
3300158280 4294973801000001 0
3400157986 4294973901000001 0
3500158253 4294974001000001 0
3600157986 4294974101000001 0
3700157986 4294974201000001 0
3800158213 4294974301000001 0
3900158160 4294974401000001 0
4000157986 4294974501000001 0
4100158253 4294974601000001 0
4200158200 4294974701000001 0
4300158186 4294974801000001 0
4400158293 4294974901000001 0
4500158280 4294975001000001 0
4600158000 4294975101000001 0
4700158200 4294975201000001 0
4800158306 4294975301000001 0
4900157986 4294975401000001 0
5000158173 4294975501000001 0
5100158200 4294975601000001 0
5200158066 4294975701000001 0
