Detector: detector priority is 6
Detector: detector period is 100
Detector is finished, processed all frames.
Dumping output [ timeBefore timeAfter timeDifference heapFreeBefore heapFreeAfter detectedCollisions suspectedCollisions ] for 50 recorded detector runs, in ns
243690986 247951426 4260440 814240 804448 1 4
344437706 359417133 14979427 804352 775776 1 4
444439053 468339520 23900467 775680 738688 2 24
544433653 560347600 15913947 738592 705760 0 0
644867840 670392773 25524933 705664 666016 3 24
744868306 770844826 25976520 665920 626432 2 28
844884173 858825880 13941707 626336 597536 0 0
944909786 960286920 15377134 597440 568288 1 6
1044906493 1059542320 14635827 568192 538048 0 0
1144900946 1159900733 14999787 537952 506464 0 0
1244872173 1260931240 16059067 506368 473536 0 0
1344879146 1360879386 16000240 473440 440608 0 0
1444886173 1459546960 14660787 440512 410368 0 0
1544912666 1557453040 12540374 410272 384960 1 2
1644910346 1658198226 13287880 384864 357408 0 0
1744901613 1769584066 24682453 357312 318976 2 24
1844876973 1877533546 32656573 318880 274048 3 42
1944872413 1959332640 14460227 273952 243808 0 0
2044880573 2065622453 20741880 814528 779840 2 16
2144924240 2160179213 15254973 779744 750592 1 6
2244910533 2259994533 15084000 750496 721952 0 4
2344911000 2359946200 15035200 721856 690368 0 0
2444879280 2460290386 15411106 690272 658784 0 0
2544883626 2559839600 14955974 658688 627200 0 0
2644888026 2660321440 15433414 627104 595616 0 0
2744905160 2759850106 14944946 595520 566976 0 4
2844911120 2860564986 15653866 566880 537728 1 6
2944903053 2965542973 20639920 537632 502944 2 16
3044908520 3060196986 15288466 502848 471360 0 0
3144871293 3174245960 29374667 471264 429504 3 36
3244880720 3269367840 24487120 429408 391072 2 24
3344886680 3358848613 13961933 390976 362176 0 0
3444926893 3457423560 12496667 362080 336768 1 2
3544918600 3558723600 13805000 336672 307872 0 0
3644911360 3659954920 15043560 307776 276288 0 0
3744876120 3761504253 16628133 276192 242016 0 0
3844880026 3860178200 15298174 814528 783040 0 0
3944882773 3958773960 13891187 782944 754144 0 0
4044926306 4060553586 15627280 754048 724896 1 6
4144914613 4158866666 13952053 724800 696000 0 0
4244913600 4271231546 26317946 695904 656416 2 28
4344878386 4370266653 25388267 656320 616672 3 24
4444872640 4460652880 15780240 616576 583744 0 0
4544878613 4569724560 24845947 583648 545312 2 24
4644946266 4659427800 14481534 545216 516640 1 4
4744918426 4760554040 15635614 516544 487392 1 6
4844915813 4859253280 14337467 487296 457152 0 0
4944910453 4960969693 16059240 457056 424224 0 0
5044887826 5060565600 15677774 424128 391296 0 0
5144888213 5160282480 15394267 391200 359712 0 0
Generated frames: 50
Received (and measured) frames: 50
Frame not ready event count (in detector): 0
Frames dropped due to full buffer in detector: 0
Frames processed by detector: 50
Detector stop indicator set: true
Reported missed detector periods (reported by waitForNextPeriod): 0
Detector first release was scheduled for: 4294970701000001
243538293 4294970701000001 0
343538413 4294970801000001 0
443538333 4294970901000001 0
543538306 4294971001000001 0
643538133 4294971101000001 0
743538333 4294971201000001 0
843538346 4294971301000001 0
943538280 4294971401000001 0
1043538266 4294971501000001 0
1143538080 4294971601000001 0
1243538413 4294971701000001 0
1343538413 4294971801000001 0
1443538080 4294971901000001 0
1543538306 4294972001000001 0
1643538120 4294972101000001 0
1743538373 4294972201000001 0
1843538306 4294972301000001 0
1943538346 4294972401000001 0
2043538253 4294972501000001 0
2143538413 4294972601000001 0
2243538346 4294972701000001 0
2343538373 4294972801000001 0
2443538400 4294972901000001 0
2543538146 4294973001000001 0
2643538080 4294973101000001 0
2743538320 4294973201000001 0
2843538333 4294973301000001 0
2943538093 4294973401000001 0
3043538360 4294973501000001 0
3143538320 4294973601000001 0
3243538453 4294973701000001 0
3343538320 4294973801000001 0
3443538386 4294973901000001 0
3543538320 4294974001000001 0
3643538093 4294974101000001 0
3743538253 4294974201000001 0
3843538346 4294974301000001 0
3943538426 4294974401000001 0
4043538093 4294974501000001 0
4143538360 4294974601000001 0
4243538346 4294974701000001 0
4343538253 4294974801000001 0
4443538253 4294974901000001 0
4543538440 4294975001000001 0
4643538080 4294975101000001 0
4743538333 4294975201000001 0
4843538426 4294975301000001 0
4943538093 4294975401000001 0
5043538093 4294975501000001 0
5143538280 4294975601000001 0
