Detector: detector priority is 6
Detector: detector period is 100
Detector is finished, processed all frames.
Dumping output [ timeBefore timeAfter timeDifference heapFreeBefore heapFreeAfter detectedCollisions suspectedCollisions ] for 50 recorded detector runs, in ns
535836253 540096733 4260480 814240 804448 1 4
636583000 651562226 14979226 804352 775776 1 4
736585013 760511040 23926027 775680 738688 2 24
836578773 852492826 15914053 738592 705760 0 0
937013346 962538146 25524800 705664 666016 3 24
1037013493 1062991146 25977653 665920 626432 2 28
1137029600 1150971466 13941866 626336 597536 0 0
1237054960 1252432466 15377506 597440 568288 1 6
1337052266 1351687226 14634960 568192 538048 0 0
1437046293 1452045346 14999053 537952 506464 0 0
1537017040 1553076506 16059466 506368 473536 0 0
1637023946 1653024600 16000654 473440 440608 0 0
1737033306 1751708346 14675040 440512 410368 0 0
1837058240 1849599120 12540880 410272 384960 1 2
1937055506 1950342586 13287080 384864 357408 0 0
2037046826 2061729706 24682880 357312 318976 2 24
2137021880 2169679533 32657653 318880 274048 3 42
2237017440 2251477200 14459760 273952 243808 0 0
2337026000 2357766960 20740960 814528 779840 2 16
2437069200 2452323706 15254506 779744 750592 1 6
2537055480 2552138880 15083400 750496 721952 0 4
2637056640 2652091400 15034760 721856 690368 0 0
2737024373 2752434600 15410227 690272 658784 0 0
2837029200 2851985520 14956320 658688 627200 0 0
2937033560 2952466946 15433386 627104 595616 0 0
3037050546 3051996440 14945894 595520 566976 0 4
3137056000 3152710026 15654026 566880 537728 1 6
3237048386 3257688893 20640507 537632 502944 2 16
3337053653 3352343066 15289413 502848 471360 0 0
3437016920 3466392573 29375653 471264 429504 3 36
3537026280 3561514680 24488400 429408 391072 2 24
3637031773 3650993346 13961573 390976 362176 0 0
3737071746 3749567600 12495854 362080 336768 1 2
3837063906 3850869133 13805227 336672 307872 0 0
3937056893 3952100893 15044000 307776 276288 0 0
4037021266 4053649293 16628027 276192 242016 0 0
4137025373 4152323533 15298160 814528 783040 0 0
4237028080 4250919453 13891373 782944 754144 0 0
4337071453 4352698626 15627173 754048 724896 1 6
4437059826 4451011293 13951467 724800 696000 0 0
4537058360 4563376306 26317946 695904 656416 2 28
4637023680 4662412293 25388613 656320 616672 3 24
4737017733 4752798120 15780387 616576 583744 0 0
4837023573 4861869306 24845733 583648 545312 2 24
4937092000 4951573520 14481520 545216 516640 1 4
5037063506 5052698653 15635147 516544 487392 1 6
5137060800 5151398053 14337253 487296 457152 0 0
5237056093 5253115453 16059360 457056 424224 0 0
5337033000 5352710506 15677506 424128 391296 0 0
5437033106 5452426293 15393187 391200 359712 0 0
Generated frames: 50
Received (and measured) frames: 50
Frame not ready event count (in detector): 0
Frames dropped due to full buffer in detector: 0
Frames processed by detector: 50
Detector stop indicator set: true
Reported missed detector periods (reported by waitForNextPeriod): 0
Detector first release was scheduled for: 4294971301000001
535683453 4294971301000001 0
635683546 4294971401000001 0
735683293 4294971501000001 0
835683506 4294971601000001 0
935683613 4294971701000001 0
1035683533 4294971801000001 0
1135683466 4294971901000001 0
1235683453 4294972001000001 0
1335683573 4294972101000001 0
1435683573 4294972201000001 0
1535683560 4294972301000001 0
1635683560 4294972401000001 0
1735683560 4294972501000001 0
1835683573 4294972601000001 0
1935683280 4294972701000001 0
2035683493 4294972801000001 0
2135683693 4294972901000001 0
2235683453 4294973001000001 0
2335683533 4294973101000001 0
2435683346 4294973201000001 0
2535683520 4294973301000001 0
2635683600 4294973401000001 0
2735683293 4294973501000001 0
2835683480 4294973601000001 0
2935683626 4294973701000001 0
3035683560 4294973801000001 0
3135683293 4294973901000001 0
3235683560 4294974001000001 0
3335683573 4294974101000001 0
3435683560 4294974201000001 0
3535683560 4294974301000001 0
3635683293 4294974401000001 0
3735683520 4294974501000001 0
3835683293 4294974601000001 0
3935683520 4294974701000001 0
4035683506 4294974801000001 0
4135683626 4294974901000001 0
4235683453 4294975001000001 0
4335683493 4294975101000001 0
4435683506 4294975201000001 0
4535683573 4294975301000001 0
4635683346 4294975401000001 0
4735683440 4294975501000001 0
4835683306 4294975601000001 0
4935683293 4294975701000001 0
5035683293 4294975801000001 0
5135683320 4294975901000001 0
5235683546 4294976001000001 0
5335683533 4294976101000001 0
5435683453 4294976201000001 0
