Detector: detector priority is 6
Detector: detector period is 100
Detector is finished, processed all frames.
Dumping output [ timeBefore timeAfter timeDifference heapFreeBefore heapFreeAfter detectedCollisions suspectedCollisions ] for 50 recorded detector runs, in ns
237649040 241909600 4260560 814240 804448 1 4
338395400 353374720 14979320 804352 775776 1 4
438397826 462323293 23925467 775680 738688 2 24
538390613 554288626 15898013 738592 705760 0 0
638825960 664352080 25526120 705664 666016 3 24
738826040 764804346 25978306 665920 626432 2 28
838842106 852784186 13942080 626336 597536 0 0
938867706 954244866 15377160 597440 568288 1 6
1038864600 1053500146 14635546 568192 538048 0 0
1138858813 1153857493 14998680 537952 506464 0 0
1238829426 1254888653 16059227 506368 473536 0 0
1338836560 1354837120 16000560 473440 440608 0 0
1438845560 1453521413 14675853 440512 410368 0 0
1538869040 1551397066 12528026 410272 384960 1 2
1638868120 1652155493 13287373 384864 357408 0 0
1738859506 1763541586 24682080 357312 318976 2 24
1838834573 1871492533 32657960 318880 274048 3 42
1938830040 1953291106 14461066 273952 243808 0 0
2038838426 2059579653 20741227 814528 779840 2 16
2138882333 2154136946 15254613 779744 750592 1 6
2238868400 2253952346 15083946 750496 721952 0 4
2338869346 2353904280 15034934 721856 690368 0 0
2438836746 2454248480 15411734 690272 658784 0 0
2538841520 2553798480 14956960 658688 627200 0 0
2638845853 2654279626 15433773 627104 595616 0 0
2738863413 2753807920 14944507 595520 566976 0 4
2838868720 2854522093 15653373 566880 537728 1 6
2938861293 2959501640 20640347 537632 502944 2 16
3038866160 3054155653 15289493 502848 471360 0 0
3138829133 3168203573 29374440 471264 429504 3 36
3238838680 3263326773 24488093 429408 391072 2 24
3338844826 3352806320 13961494 390976 362176 0 0
3438884266 3451380906 12496640 362080 336768 1 2
3538876506 3552681466 13804960 336672 307872 0 0
3638869866 3653912800 15042934 307776 276288 0 0
3738834053 3755461653 16627600 276192 242016 0 0
3838838000 3854136160 15298160 814528 783040 0 0
3938840266 3952731120 13890854 782944 754144 0 0
4038884133 4054510573 15626440 754048 724896 1 6
4138872680 4152824880 13952200 724800 696000 0 0
4238871106 4265189133 26318027 695904 656416 2 28
4338836506 4364224840 25388334 656320 616672 3 24
4438830600 4454610960 15780360 616576 583744 0 0
4538836746 4563681533 24844787 583648 545312 2 24
4638904173 4653385666 14481493 545216 516640 1 4
4738876333 4754512026 15635693 516544 487392 1 6
4838873466 4853211400 14337934 487296 457152 0 0
4938868893 4954927813 16058920 457056 424224 0 0
5038846106 5054524413 15678307 424128 391296 0 0
5138846333 5154239213 15392880 391200 359712 0 0
Generated frames: 50
Received (and measured) frames: 50
Frame not ready event count (in detector): 0
Frames dropped due to full buffer in detector: 0
Frames processed by detector: 50
Detector stop indicator set: true
Reported missed detector periods (reported by waitForNextPeriod): 0
Detector first release was scheduled for: 4294970701000001
237496280 4294970701000001 0
337496053 4294970801000001 0
437495986 4294970901000001 0
537496213 4294971001000001 0
637496173 4294971101000001 0
737495986 4294971201000001 0
837496293 4294971301000001 0
937496200 4294971401000001 0
1037496226 4294971501000001 0
1137496186 4294971601000001 0
1237495986 4294971701000001 0
1337496053 4294971801000001 0
1437496000 4294971901000001 0
1537495986 4294972001000001 0
1637495986 4294972101000001 0
1737496253 4294972201000001 0
1837496000 4294972301000001 0
1937496240 4294972401000001 0
2037496213 4294972501000001 0
2137496226 4294972601000001 0
2237496186 4294972701000001 0
2337496226 4294972801000001 0
2437496000 4294972901000001 0
2537496160 4294973001000001 0
2637496186 4294973101000001 0
2737496160 4294973201000001 0
2837496320 4294973301000001 0
2937496306 4294973401000001 0
3037495986 4294973501000001 0
3137496266 4294973601000001 0
3237496173 4294973701000001 0
3337496186 4294973801000001 0
3437496026 4294973901000001 0
3537496200 4294974001000001 0
3637496240 4294974101000001 0
3737496240 4294974201000001 0
3837496306 4294974301000001 0
3937496026 4294974401000001 0
4037496186 4294974501000001 0
4137496320 4294974601000001 0
4237496186 4294974701000001 0
4337496293 4294974801000001 0
4437496240 4294974901000001 0
4537496293 4294975001000001 0
4637495986 4294975101000001 0
4737496226 4294975201000001 0
4837496333 4294975301000001 0
4937496160 4294975401000001 0
5037496266 4294975501000001 0
5137496213 4294975601000001 0
