Detector: detector priority is 6
Detector: detector period is 100
Detector is finished, processed all frames.
Dumping output [ timeBefore timeAfter timeDifference heapFreeBefore heapFreeAfter detectedCollisions suspectedCollisions ] for 50 recorded detector runs, in ns
237066973 241327826 4260853 814240 804448 1 4
337813586 352791946 14978360 804352 775776 1 4
437815613 461740853 23925240 775680 738688 2 24
537808426 553706440 15898014 738592 705760 0 0
638243933 663768653 25524720 705664 666016 3 24
738243546 764221320 25977774 665920 626432 2 28
838260106 852201880 13941774 626336 597536 0 0
938285346 953663293 15377947 597440 568288 1 6
1038282306 1052917306 14635000 568192 538048 0 0
1138276920 1153276546 14999626 537952 506464 0 0
1238247386 1254306360 16058974 506368 473536 0 0
1338254280 1354254640 16000360 473440 440608 0 0
1438263626 1452939386 14675760 440512 410368 0 0
1538286800 1550814826 12528026 410272 384960 1 2
1638285840 1651573586 13287746 384864 357408 0 0
1738277360 1762959986 24682626 357312 318976 2 24
1838252733 1870909546 32656813 318880 274048 3 42
1938247880 1952707706 14459826 273952 243808 0 0
2038256293 2058998146 20741853 814528 779840 2 16
2138299933 2153555560 15255627 779744 750592 1 6
2238285853 2253369786 15083933 750496 721952 0 4
2338286933 2353322053 15035120 721856 690368 0 0
2438254720 2453665920 15411200 690272 658784 0 0
2538259413 2553215546 14956133 658688 627200 0 0
2638263586 2653697373 15433787 627104 595616 0 0
2738281040 2753226413 14945373 595520 566976 0 4
2838286640 2853940586 15653946 566880 537728 1 6
2938279373 2958918866 20639493 537632 502944 2 16
3038284053 3053572453 15288400 502848 471360 0 0
3138247120 3167621786 29374666 471264 429504 3 36
3238255906 3262743733 24487827 429408 391072 2 24
3338262280 3352224346 13962066 390976 362176 0 0
3438302200 3450799306 12497106 362080 336768 1 2
3538293853 3552099693 13805840 336672 307872 0 0
3638287453 3653331586 15044133 307776 276288 0 0
3738251826 3754879133 16627307 276192 242016 0 0
3838255893 3853554106 15298213 814528 783040 0 0
3938258586 3952149360 13890774 782944 754144 0 0
4038302133 4053929293 15627160 754048 724896 1 6
4138289906 4152242413 13952507 724800 696000 0 0
4238288306 4264605826 26317520 695904 656416 2 28
4338254186 4363642866 25388680 656320 616672 3 24
4438248066 4454027893 15779827 616576 583744 0 0
4538254200 4563099053 24844853 583648 545312 2 24
4638322440 4652803626 14481186 545216 516640 1 4
4738293880 4753929493 15635613 516544 487392 1 6
4838291293 4852629346 14338053 487296 457152 0 0
4938286746 4954346466 16059720 457056 424224 0 0
5038263906 5053942373 15678467 424128 391296 0 0
5138264146 5153656480 15392334 391200 359712 0 0
Generated frames: 50
Received (and measured) frames: 50
Frame not ready event count (in detector): 0
Frames dropped due to full buffer in detector: 0
Frames processed by detector: 50
Detector stop indicator set: true
Reported missed detector periods (reported by waitForNextPeriod): 0
Detector first release was scheduled for: 4294970701000001
236914026 4294970701000001 0
336914013 4294970801000001 0
436913813 4294970901000001 0
536914026 4294971001000001 0
636914013 4294971101000001 0
736913786 4294971201000001 0
836913986 4294971301000001 0
936913773 4294971401000001 0
1036913986 4294971501000001 0
1136914053 4294971601000001 0
1236913733 4294971701000001 0
1336913986 4294971801000001 0
1436913906 4294971901000001 0
1536913746 4294972001000001 0
1636913733 4294972101000001 0
1736913906 4294972201000001 0
1836914026 4294972301000001 0
1936913893 4294972401000001 0
2036913973 4294972501000001 0
2136914093 4294972601000001 0
2236913786 4294972701000001 0
2336913946 4294972801000001 0
2436913893 4294972901000001 0
2536913760 4294973001000001 0
2636913733 4294973101000001 0
2736914066 4294973201000001 0
2836914013 4294973301000001 0
2936914066 4294973401000001 0
3036913933 4294973501000001 0
3136913960 4294973601000001 0
3236913760 4294973701000001 0
3336914000 4294973801000001 0
3436913786 4294973901000001 0
3536913786 4294974001000001 0
3636913733 4294974101000001 0
3736913973 4294974201000001 0
3836913893 4294974301000001 0
3936914053 4294974401000001 0
4036913920 4294974501000001 0
4136913760 4294974601000001 0
4236913773 4294974701000001 0
4336913973 4294974801000001 0
4436913773 4294974901000001 0
4536914053 4294975001000001 0
4636914000 4294975101000001 0
4736913893 4294975201000001 0
4836913906 4294975301000001 0
4936913960 4294975401000001 0
5036913933 4294975501000001 0
5136914000 4294975601000001 0
