Detector: detector priority is 6
Detector: detector period is 100
Detector is finished, processed all frames.
Dumping output [ timeBefore timeAfter timeDifference heapFreeBefore heapFreeAfter detectedCollisions suspectedCollisions ] for 50 recorded detector runs, in ns
167539866 171883693 4343827 814240 804448 1 4
268288466 283551426 15262960 804352 775776 1 4
368289826 392517200 24227374 775680 738688 2 24
468284586 484542706 16258120 738592 705760 0 0
568718933 594601986 25883053 705664 666016 3 24
668719106 695040893 26321787 665920 626432 2 28
768735093 782986093 14251000 626336 597536 0 0
868760840 884436373 15675533 597440 568288 1 6
968757746 983714453 14956707 568192 538048 0 0
1068752453 1084082280 15329827 537952 506464 0 0
1168723013 1185126720 16403707 506368 473536 0 0
1268729853 1285066466 16336613 473440 440608 0 0
1368738746 1383725853 14987107 440512 410368 0 0
1468763826 1481563960 12800134 410272 384960 1 2
1568761573 1582326080 13564507 384864 357408 0 0
1668752746 1693768906 25016160 357312 318976 2 24
1768727706 1801741280 33013574 318880 274048 3 42
1868723546 1883503426 14779880 273952 243808 0 0
1968731813 1989804680 21072867 814528 779840 2 16
2068775240 2084327573 15552333 779744 750592 1 6
2168761466 2184154266 15392800 750496 721952 0 4
2268762266 2284125866 15363600 721856 690368 0 0
2368730000 2384476493 15746493 690272 658784 0 0
2468734626 2484021800 15287174 658688 627200 0 0
2568739066 2584497346 15758280 627104 595616 0 0
2668756360 2683987960 15231600 595520 566976 0 4
2768761866 2784698520 15936654 566880 537728 1 6
2868753933 2889713506 20959573 537632 502944 2 16
2968759293 2984373173 15613880 502848 471360 0 0
3068722253 3098448666 29726413 471264 429504 3 36
3168731866 3193562346 24830480 429408 391072 2 24
3268737640 3283007293 14269653 390976 362176 0 0
3368777840 3381546013 12768173 362080 336768 1 2
3468769826 3482883200 14113374 336672 307872 0 0
3568763133 3584136960 15373827 307776 276288 0 0
3668727026 3685710000 16982974 276192 242016 0 0
3768731160 3784353640 15622480 814528 783040 0 0
3868733680 3882922653 14188973 782944 754144 0 0
3968777266 3984687280 15910014 754048 724896 1 6
4068765306 4083007066 14241760 724800 696000 0 0
4168764253 4195421533 26657280 695904 656416 2 28
4268729533 4294476346 25746813 656320 616672 3 24
4368723613 4384846786 16123173 616576 583744 0 0
4468729506 4493920560 25191054 583648 545312 2 24
4568797840 4583575960 14778120 545216 516640 1 4
4668769240 4684705720 15936480 516544 487392 1 6
4768766666 4783423440 14656774 487296 457152 0 0
4868762026 4885167160 16405134 457056 424224 0 0
4968739666 4984759266 16019600 424128 391296 0 0
5068739253 5084457760 15718507 391200 359712 0 0
Generated frames: 50
Received (and measured) frames: 50
Frame not ready event count (in detector): 0
Frames dropped due to full buffer in detector: 0
Frames processed by detector: 50
Detector stop indicator set: true
Reported missed detector periods (reported by waitForNextPeriod): 0
Detector first release was scheduled for: 4294970501000001
167386573 4294970501000001 0
267386453 4294970601000001 0
367386493 4294970701000001 0
467386626 4294970801000001 0
567386493 4294970901000001 0
667386560 4294971001000001 0
767386533 4294971101000001 0
867386586 4294971201000001 0
967386546 4294971301000001 0
1067386520 4294971401000001 0
1167386546 4294971501000001 0
1267386493 4294971601000001 0
1367386573 4294971701000001 0
1467386493 4294971801000001 0
1567386560 4294971901000001 0
1667386546 4294972001000001 0
1767386493 4294972101000001 0
1867386586 4294972201000001 0
1967386613 4294972301000001 0
2067386573 4294972401000001 0
2167386560 4294972501000001 0
2267386520 4294972601000001 0
2367386440 4294972701000001 0
2467386506 4294972801000001 0
2567386520 4294972901000001 0
2667386453 4294973001000001 0
2767386613 4294973101000001 0
2867386546 4294973201000001 0
2967386573 4294973301000001 0
3067386506 4294973401000001 0
3167386546 4294973501000001 0
3267386560 4294973601000001 0
3367386533 4294973701000001 0
3467386493 4294973801000001 0
3567386453 4294973901000001 0
3667386520 4294974001000001 0
3767386506 4294974101000001 0
3867386586 4294974201000001 0
3967386493 4294974301000001 0
4067386520 4294974401000001 0
4167386613 4294974501000001 0
4267386506 4294974601000001 0
4367386520 4294974701000001 0
4467386546 4294974801000001 0
4567386586 4294974901000001 0
4667386480 4294975001000001 0
4767386573 4294975101000001 0
4867386586 4294975201000001 0
4967386573 4294975301000001 0
5067386480 4294975401000001 0
