Detector: detector priority is 6
Detector: detector period is 100
Detector is finished, processed all frames.
Dumping output [ timeBefore timeAfter timeDifference heapFreeBefore heapFreeAfter detectedCollisions suspectedCollisions ] for 50 recorded detector runs, in ns
167732600 172071986 4339386 814240 804448 1 4
268481493 283743880 15262387 804352 775776 1 4
368483680 392734186 24250506 775680 738688 2 24
468476400 484717973 16241573 738592 705760 0 0
568911706 594793733 25882027 705664 666016 3 24
668911760 695234280 26322520 665920 626432 2 28
768927946 783178973 14251027 626336 597536 0 0
868953720 884628760 15675040 597440 568288 1 6
968950613 983907453 14956840 568192 538048 0 0
1068945146 1084275440 15330294 537952 506464 0 0
1168915613 1185319946 16404333 506368 473536 0 0
1268922733 1285258546 16335813 473440 440608 0 0
1368931693 1383917493 14985800 440512 410368 0 0
1468956866 1481757146 12800280 410272 384960 1 2
1568954386 1582519813 13565427 384864 357408 0 0
1668945400 1693964893 25019493 357312 318976 2 24
1768920413 1801944293 33023880 318880 274048 3 42
1868914546 1883681746 14767200 273952 243808 0 0
1968924440 1989997066 21072626 814528 779840 2 16
2068968093 2084520773 15552680 779744 750592 1 6
2168954226 2184346840 15392614 750496 721952 0 4
2268955213 2284318813 15363600 721856 690368 0 0
2368922946 2384670213 15747267 690272 658784 0 0
2468927466 2484214653 15287187 658688 627200 0 0
2568932053 2584690253 15758200 627104 595616 0 0
2668949320 2684179893 15230573 595520 566976 0 4
2768954893 2784892306 15937413 566880 537728 1 6
2868945426 2889899253 20953827 537632 502944 2 16
2968952266 2984566386 15614120 502848 471360 0 0
3068915280 3098642706 29727426 471264 429504 3 36
3168924546 3193754840 24830294 429408 391072 2 24
3268930720 3283201200 14270480 390976 362176 0 0
3368970440 3381738600 12768160 362080 336768 1 2
3468962786 3483076253 14113467 336672 307872 0 0
3568955880 3584330333 15374453 307776 276288 0 0
3668920053 3685904733 16984680 276192 242016 0 0
3768923933 3784546306 15622373 814528 783040 0 0
3868926653 3883116293 14189640 782944 754144 0 0
3968970413 3984881653 15911240 754048 724896 1 6
4068958120 4083198853 14240733 724800 696000 0 0
4168957000 4195615746 26658746 695904 656416 2 28
4268922453 4294669266 25746813 656320 616672 3 24
4368916733 4385040760 16124027 616576 583744 0 0
4468922666 4494114253 25191587 583648 545312 2 24
4568990960 4583770720 14779760 545216 516640 1 4
4668962000 4684898573 15936573 516544 487392 1 6
4768959600 4783616200 14656600 487296 457152 0 0
4868954386 4885359480 16405094 457056 424224 0 0
4968931973 4984950520 16018547 424128 391296 0 0
5068931960 5084649893 15717933 391200 359712 0 0
Generated frames: 50
Received (and measured) frames: 50
Frame not ready event count (in detector): 0
Frames dropped due to full buffer in detector: 0
Frames processed by detector: 50
Detector stop indicator set: true
Reported missed detector periods (reported by waitForNextPeriod): 0
Detector first release was scheduled for: 4294970501000001
167579320 4294970501000001 0
267579386 4294970601000001 0
367579333 4294970701000001 0
467579373 4294970801000001 0
567579320 4294970901000001 0
667579373 4294971001000001 0
767579466 4294971101000001 0
867579360 4294971201000001 0
967579333 4294971301000001 0
1067579320 4294971401000001 0
1167579320 4294971501000001 0
1267579333 4294971601000001 0
1367579360 4294971701000001 0
1467579293 4294971801000001 0
1567579426 4294971901000001 0
1667579400 4294972001000001 0
1767579306 4294972101000001 0
1867579333 4294972201000001 0
1967579453 4294972301000001 0
2067579360 4294972401000001 0
2167579280 4294972501000001 0
2267579386 4294972601000001 0
2367579306 4294972701000001 0
2467579426 4294972801000001 0
2567579440 4294972901000001 0
2667579400 4294973001000001 0
2767579346 4294973101000001 0
2867579386 4294973201000001 0
2967579386 4294973301000001 0
3067579373 4294973401000001 0
3167579400 4294973501000001 0
3267579413 4294973601000001 0
3367579386 4294973701000001 0
3467579360 4294973801000001 0
3567579413 4294973901000001 0
3667579333 4294974001000001 0
3767579280 4294974101000001 0
3867579453 4294974201000001 0
3967579400 4294974301000001 0
4067579386 4294974401000001 0
4167579346 4294974501000001 0
4267579320 4294974601000001 0
4367579413 4294974701000001 0
4467579466 4294974801000001 0
4567579440 4294974901000001 0
4667579373 4294975001000001 0
4767579426 4294975101000001 0
4867579293 4294975201000001 0
4967579320 4294975301000001 0
5067579293 4294975401000001 0
