Detector: detector priority is 6
Detector: detector period is 100
Detector is finished, processed all frames.
Dumping output [ timeBefore timeAfter timeDifference heapFreeBefore heapFreeAfter detectedCollisions suspectedCollisions ] for 50 recorded detector runs, in ns
190679040 195022946 4343906 814240 804448 1 4
291427573 306690026 15262453 804352 775776 1 4
391430120 415678333 24248213 775680 738688 2 24
491423600 507680533 16256933 738592 705760 0 0
591857760 617741306 25883546 705664 666016 3 24
691858226 718180626 26322400 665920 626432 2 28
791874053 806125120 14251067 626336 597536 0 0
891899693 907574906 15675213 597440 568288 1 6
991896800 1006853613 14956813 568192 538048 0 0
1091891306 1107221493 15330187 537952 506464 0 0
1191861986 1208266840 16404854 506368 473536 0 0
1291868666 1308205920 16337254 473440 440608 0 0
1391877920 1406864306 14986386 440512 410368 0 0
1491903066 1504703160 12800094 410272 384960 1 2
1591898920 1605450160 13551240 384864 357408 0 0
1691892000 1716911026 25019026 357312 318976 2 24
1791867000 1824891893 33024893 318880 274048 3 42
1891862560 1906643453 14780893 273952 243808 0 0
1991870813 2012944306 21073493 814528 779840 2 16
2091914613 2107467146 15552533 779744 750592 1 6
2191900626 2207293786 15393160 750496 721952 0 4
2291901626 2307264946 15363320 721856 690368 0 0
2391869493 2407615560 15746067 690272 658784 0 0
2491873733 2507160946 15287213 658688 627200 0 0
2591876666 2607619520 15742854 627104 595616 0 0
2691895120 2707126506 15231386 595520 566976 0 4
2791900973 2807837973 15937000 566880 537728 1 6
2891893266 2912853253 20959987 537632 502944 2 16
2991898440 3007512546 15614106 502848 471360 0 0
3091861426 3121587760 29726334 471264 429504 3 36
3191870760 3216701306 24830546 429408 391072 2 24
3291876840 3306148040 14271200 390976 362176 0 0
3391916573 3404684773 12768200 362080 336768 1 2
3491908880 3506023053 14114173 336672 307872 0 0
3591902213 3607276853 15374640 307776 276288 0 0
3691866506 3708850160 16983654 276192 242016 0 0
3791870253 3807493226 15622973 814528 783040 0 0
3891872546 3906061533 14188987 782944 754144 0 0
3991916640 4007826746 15910106 754048 724896 1 6
4091904853 4106146213 14241360 724800 696000 0 0
4191902906 4218560760 26657854 695904 656416 2 28
4291868440 4317614720 25746280 656320 616672 3 24
4391862866 4407986746 16123880 616576 583744 0 0
4491868586 4517059266 25190680 583648 545312 2 24
4591936813 4606716306 14779493 545216 516640 1 4
4691908466 4707844520 15936054 516544 487392 1 6
4791905773 4806561293 14655520 487296 457152 0 0
4891900760 4908306013 16405253 457056 424224 0 0
4991878320 5007897520 16019200 424128 391296 0 0
5091878360 5107597160 15718800 391200 359712 0 0
Generated frames: 50
Received (and measured) frames: 50
Frame not ready event count (in detector): 0
Frames dropped due to full buffer in detector: 0
Frames processed by detector: 50
Detector stop indicator set: true
Reported missed detector periods (reported by waitForNextPeriod): 0
Detector first release was scheduled for: 4294970501000001
190525600 4294970501000001 0
290525573 4294970601000001 0
390525653 4294970701000001 0
490525586 4294970801000001 0
590525666 4294970901000001 0
690525680 4294971001000001 0
790525680 4294971101000001 0
890525586 4294971201000001 0
990525520 4294971301000001 0
1090525600 4294971401000001 0
1190525520 4294971501000001 0
1290525720 4294971601000001 0
1390525586 4294971701000001 0
1490525600 4294971801000001 0
1590525533 4294971901000001 0
1690525626 4294972001000001 0
1790525586 4294972101000001 0
1890525640 4294972201000001 0
1990525626 4294972301000001 0
2090525720 4294972401000001 0
2190525613 4294972501000001 0
2290525586 4294972601000001 0
2390525693 4294972701000001 0
2490525640 4294972801000001 0
2590525573 4294972901000001 0
2690525560 4294973001000001 0
2790525573 4294973101000001 0
2890525640 4294973201000001 0
2990525600 4294973301000001 0
3090525706 4294973401000001 0
3190525600 4294973501000001 0
3290525666 4294973601000001 0
3390525600 4294973701000001 0
3490525600 4294973801000001 0
3590525600 4294973901000001 0
3690525640 4294974001000001 0
3790525706 4294974101000001 0
3890525640 4294974201000001 0
3990525680 4294974301000001 0
4090525640 4294974401000001 0
4190525640 4294974501000001 0
4290525653 4294974601000001 0
4390525733 4294974701000001 0
4490525586 4294974801000001 0
4590525613 4294974901000001 0
4690525626 4294975001000001 0
4790525626 4294975101000001 0
4890525520 4294975201000001 0
4990525680 4294975301000001 0
5090525653 4294975401000001 0
