Detector: detector priority is 6
Detector: detector period is 100
Detector is finished, processed all frames.
Dumping output [ timeBefore timeAfter timeDifference heapFreeBefore heapFreeAfter detectedCollisions suspectedCollisions ] for 50 recorded detector runs, in ns
168861026 173204413 4343387 814240 804448 1 4
269609813 284869813 15260000 804352 775776 1 4
369611226 393835266 24224040 775680 738688 2 24
469606053 485864346 16258293 738592 705760 0 0
570039920 595923573 25883653 705664 666016 3 24
670040280 696362400 26322120 665920 626432 2 28
770056600 784308253 14251653 626336 597536 0 0
870082213 885757586 15675373 597440 568288 1 6
970079200 985036826 14957626 568192 538048 0 0
1070073506 1085403440 15329934 537952 506464 0 0
1170044346 1186447200 16402854 506368 473536 0 0
1270050960 1286387040 16336080 473440 440608 0 0
1370060280 1385046933 14986653 440512 410368 0 0
1470085106 1482884800 12799694 410272 384960 1 2
1570082360 1583646906 13564546 384864 357408 0 0
1670073933 1695093653 25019720 357312 318976 2 24
1770047573 1803047600 33000027 318880 274048 3 42
1870044573 1884824320 14779747 273952 243808 0 0
1970052773 1991125773 21073000 814528 779840 2 16
2070096400 2085647786 15551386 779744 750592 1 6
2170082826 2185476573 15393747 750496 721952 0 4
2270083773 2285447560 15363787 721856 690368 0 0
2370051493 2385798346 15746853 690272 658784 0 0
2470055853 2485343173 15287320 658688 627200 0 0
2570060480 2585818266 15757786 627104 595616 0 0
2670077520 2685308946 15231426 595520 566976 0 4
2770081533 2786002760 15921227 566880 537728 1 6
2870075240 2891034666 20959426 537632 502944 2 16
2970080626 2985695200 15614574 502848 471360 0 0
3070043560 3099769653 29726093 471264 429504 3 36
3170052760 3194883173 24830413 429408 391072 2 24
3270058800 3284329373 14270573 390976 362176 0 0
3370099066 3382867333 12768267 362080 336768 1 2
3470090880 3484204680 14113800 336672 307872 0 0
3570084560 3585458986 15374426 307776 276288 0 0
3670048346 3687032440 16984094 276192 242016 0 0
3770052480 3785676213 15623733 814528 783040 0 0
3870055013 3884243986 14188973 782944 754144 0 0
3970098773 3986009266 15910493 754048 724896 1 6
4070086880 4084327786 14240906 724800 696000 0 0
4170085173 4196742386 26657213 695904 656416 2 28
4270050760 4295796320 25745560 656320 616672 3 24
4370044680 4386168133 16123453 616576 583744 0 0
4470051026 4495242533 25191507 583648 545312 2 24
4570118973 4584897200 14778227 545216 516640 1 4
4670090346 4686027120 15936774 516544 487392 1 6
4770088120 4784744013 14655893 487296 457152 0 0
4870083093 4886488826 16405733 457056 424224 0 0
4970060466 4986079546 16019080 424128 391296 0 0
5070060506 5085778946 15718440 391200 359712 0 0
Generated frames: 50
Received (and measured) frames: 50
Frame not ready event count (in detector): 0
Frames dropped due to full buffer in detector: 0
Frames processed by detector: 50
Detector stop indicator set: true
Reported missed detector periods (reported by waitForNextPeriod): 0
Detector first release was scheduled for: 4294970501000001
168707813 4294970501000001 0
268707786 4294970601000001 0
368707893 4294970701000001 0
468707813 4294970801000001 0
568707813 4294970901000001 0
668707813 4294971001000001 0
768707813 4294971101000001 0
868707946 4294971201000001 0
968707826 4294971301000001 0
1068707866 4294971401000001 0
1168707800 4294971501000001 0
1268707786 4294971601000001 0
1368707786 4294971701000001 0
1468707800 4294971801000001 0
1568707813 4294971901000001 0
1668707866 4294972001000001 0
1768707840 4294972101000001 0
1868707840 4294972201000001 0
1968707853 4294972301000001 0
2068707893 4294972401000001 0
2168707840 4294972501000001 0
2268707893 4294972601000001 0
2368707786 4294972701000001 0
2468707933 4294972801000001 0
2568707866 4294972901000001 0
2668707813 4294973001000001 0
2768707800 4294973101000001 0
2868707840 4294973201000001 0
2968707866 4294973301000001 0
3068707893 4294973401000001 0
3168707866 4294973501000001 0
3268707866 4294973601000001 0
3368708000 4294973701000001 0
3468707813 4294973801000001 0
3568707920 4294973901000001 0
3668707826 4294974001000001 0
3768707773 4294974101000001 0
3868707853 4294974201000001 0
3968707880 4294974301000001 0
4068707866 4294974401000001 0
4168707760 4294974501000001 0
4268707840 4294974601000001 0
4368707813 4294974701000001 0
4468707893 4294974801000001 0
4568707946 4294974901000001 0
4668707840 4294975001000001 0
4768707826 4294975101000001 0
4868707853 4294975201000001 0
4968707826 4294975301000001 0
5068707866 4294975401000001 0
