Detector: detector priority is 6
Detector: detector period is 100
Detector is finished, processed all frames.
Dumping output [ timeBefore timeAfter timeDifference heapFreeBefore heapFreeAfter detectedCollisions suspectedCollisions ] for 50 recorded detector runs, in ns
348486880 352830360 4343480 814240 804448 1 4
449235760 464498693 15262933 804352 775776 1 4
549238066 573486826 24248760 775680 738688 2 24
649231813 665489706 16257893 738592 705760 0 0
749665826 775548440 25882614 705664 666016 3 24
849666173 875988160 26321987 665920 626432 2 28
949682040 963933133 14251093 626336 597536 0 0
1049707960 1065383000 15675040 597440 568288 1 6
1149705440 1164662520 14957080 568192 538048 0 0
1249699493 1265028720 15329227 537952 506464 0 0
1349670053 1366074160 16404107 506368 473536 0 0
1449676813 1466013933 16337120 473440 440608 0 0
1549686080 1564673280 14987200 440512 410368 0 0
1649711040 1662511733 12800693 410272 384960 1 2
1749708706 1763273466 13564760 384864 357408 0 0
1849699880 1874718800 25018920 357312 318976 2 24
1949675133 1982699906 33024773 318880 274048 3 42
2049670760 2064451133 14780373 273952 243808 0 0
2149678760 2170750666 21071906 814528 779840 2 16
2249722120 2265274053 15551933 779744 750592 1 6
2349708680 2365101973 15393293 750496 721952 0 4
2449709520 2465074653 15365133 721856 690368 0 0
2549677306 2565424293 15746987 690272 658784 0 0
2649681760 2664969346 15287586 658688 627200 0 0
2749686226 2765445813 15759587 627104 595616 0 0
2849703373 2864934840 15231467 595520 566976 0 4
2949708853 2965646773 15937920 566880 537728 1 6
3049701320 3070661333 20960013 537632 502944 2 16
3149706706 3165319840 15613134 502848 471360 0 0
3249669426 3279396013 29726587 471264 429504 3 36
3349679133 3374509666 24830533 429408 391072 2 24
3449684720 3463955733 14271013 390976 362176 0 0
3549724906 3562493373 12768467 362080 336768 1 2
3649717080 3663830573 14113493 336672 307872 0 0
3749710226 3765084413 15374187 307776 276288 0 0
3849674120 3866658146 16984026 276192 242016 0 0
3949678253 3965301360 15623107 814528 783040 0 0
4049680506 4063869800 14189294 782944 754144 0 0
4149724680 4165635213 15910533 754048 724896 1 6
4249712800 4263954106 14241306 724800 696000 0 0
4349711533 4376369840 26658307 695904 656416 2 28
4449676400 4475422973 25746573 656320 616672 3 24
4549670426 4565793240 16122814 616576 583744 0 0
4649676800 4674868906 25192106 583648 545312 2 24
4749744480 4764523000 14778520 545216 516640 1 4
4849716333 4865652693 15936360 516544 487392 1 6
4949713733 4964370320 14656587 487296 457152 0 0
5049709013 5066113573 16404560 457056 424224 0 0
5149686800 5165705800 16019000 424128 391296 0 0
5249686600 5265405626 15719026 391200 359712 0 0
Generated frames: 50
Received (and measured) frames: 50
Frame not ready event count (in detector): 0
Frames dropped due to full buffer in detector: 0
Frames processed by detector: 50
Detector stop indicator set: true
Reported missed detector periods (reported by waitForNextPeriod): 0
Detector first release was scheduled for: 4294970901000001
348333600 4294970901000001 0
448333720 4294971001000001 0
548333613 4294971101000001 0
648333680 4294971201000001 0
748333613 4294971301000001 0
848333773 4294971401000001 0
948333693 4294971501000001 0
1048333706 4294971601000001 0
1148333706 4294971701000001 0
1248333746 4294971801000001 0
1348333680 4294971901000001 0
1448333693 4294972001000001 0
1548333706 4294972101000001 0
1648333706 4294972201000001 0
1748333600 4294972301000001 0
1848333693 4294972401000001 0
1948333626 4294972501000001 0
2048333693 4294972601000001 0
2148333680 4294972701000001 0
2248333560 4294972801000001 0
2348333760 4294972901000001 0
2448333680 4294973001000001 0
2548333626 4294973101000001 0
2648333666 4294973201000001 0
2748333573 4294973301000001 0
2848333693 4294973401000001 0
2948333680 4294973501000001 0
3048333613 4294973601000001 0
3148333680 4294973701000001 0
3248333626 4294973801000001 0
3348333666 4294973901000001 0
3448333600 4294974001000001 0
3548333653 4294974101000001 0
3648333706 4294974201000001 0
3748333626 4294974301000001 0
3848333720 4294974401000001 0
3948333666 4294974501000001 0
4048333720 4294974601000001 0
4148333640 4294974701000001 0
4248333773 4294974801000001 0
4348333760 4294974901000001 0
4448333653 4294975001000001 0
4548333666 4294975101000001 0
4648333693 4294975201000001 0
4748333613 4294975301000001 0
4848333626 4294975401000001 0
4948333653 4294975501000001 0
5048333746 4294975601000001 0
5148333746 4294975701000001 0
5248333666 4294975801000001 0
