Detector: detector priority is 6
Detector: detector period is 100
Detector is finished, processed all frames.
Dumping output [ timeBefore timeAfter timeDifference heapFreeBefore heapFreeAfter detectedCollisions suspectedCollisions ] for 50 recorded detector runs, in ns
166175266 170518826 4343560 814240 804448 1 4
266922853 282170360 15247507 804352 775776 1 4
366925826 391149906 24224080 775680 738688 2 24
466919613 483177813 16258200 738592 705760 0 0
567354320 593237133 25882813 705664 666016 3 24
667354480 693676800 26322320 665920 626432 2 28
767370586 781621546 14250960 626336 597536 0 0
867396400 883071693 15675293 597440 568288 1 6
967393173 982349693 14956520 568192 538048 0 0
1067387693 1082717146 15329453 537952 506464 0 0
1167358573 1183762160 16403587 506368 473536 0 0
1267365426 1283701960 16336534 473440 440608 0 0
1367374506 1382360706 14986200 440512 410368 0 0
1467399160 1480199093 12799933 410272 384960 1 2
1567396586 1580962773 13566187 384864 357408 0 0
1667388306 1692408320 25020014 357312 318976 2 24
1767363493 1800355386 32991893 318880 274048 3 42
1867357280 1882131626 14774346 273952 243808 0 0
1967367386 1988439400 21072014 814528 779840 2 16
2067410520 2082963520 15553000 779744 750592 1 6
2167396946 2182790706 15393760 750496 721952 0 4
2267397840 2282761946 15364106 721856 690368 0 0
2367365946 2383112213 15746267 690272 658784 0 0
2467370226 2482657613 15287387 658688 627200 0 0
2567374786 2583133466 15758680 627104 595616 0 0
2667391906 2682623346 15231440 595520 566976 0 4
2767395800 2783317040 15921240 566880 537728 1 6
2867389920 2888349000 20959080 537632 502944 2 16
2967394800 2983009080 15614280 502848 471360 0 0
3067357906 3097084600 29726694 471264 429504 3 36
3167367333 3192197920 24830587 429408 391072 2 24
3267373240 3281644213 14270973 390976 362176 0 0
3367413240 3380181733 12768493 362080 336768 1 2
3467405226 3481519453 14114227 336672 307872 0 0
3567398533 3582773360 15374827 307776 276288 0 0
3667362493 3684345453 16982960 276192 242016 0 0
3767366520 3782988520 15622000 814528 783040 0 0
3867369066 3881558680 14189614 782944 754144 0 0
3967412853 3983323000 15910147 754048 724896 1 6
4067401133 4081642520 14241387 724800 696000 0 0
4167400040 4194058186 26658146 695904 656416 2 28
4267365200 4293111480 25746280 656320 616672 3 24
4367359213 4383482080 16122867 616576 583744 0 0
4467365133 4492556453 25191320 583648 545312 2 24
4567433053 4582212426 14779373 545216 516640 1 4
4667405120 4683341320 15936200 516544 487392 1 6
4767402493 4782058493 14656000 487296 457152 0 0
4867397386 4883802840 16405454 457056 424224 0 0
4967374760 4983394066 16019306 424128 391296 0 0
5067374786 5083092733 15717947 391200 359712 0 0
Generated frames: 50
Received (and measured) frames: 50
Frame not ready event count (in detector): 0
Frames dropped due to full buffer in detector: 0
Frames processed by detector: 50
Detector stop indicator set: true
Reported missed detector periods (reported by waitForNextPeriod): 0
Detector first release was scheduled for: 4294970501000001
166021960 4294970501000001 0
266022000 4294970601000001 0
366022026 4294970701000001 0
466022066 4294970801000001 0
566022066 4294970901000001 0
666022013 4294971001000001 0
766022106 4294971101000001 0
866022106 4294971201000001 0
966022026 4294971301000001 0
1066022040 4294971401000001 0
1166022080 4294971501000001 0
1266022186 4294971601000001 0
1366022106 4294971701000001 0
1466022120 4294971801000001 0
1566022013 4294971901000001 0
1666022040 4294972001000001 0
1766022133 4294972101000001 0
1866022066 4294972201000001 0
1966022120 4294972301000001 0
2066022080 4294972401000001 0
2166022120 4294972501000001 0
2266022080 4294972601000001 0
2366022133 4294972701000001 0
2466022053 4294972801000001 0
2566022053 4294972901000001 0
2666022160 4294973001000001 0
2766022066 4294973101000001 0
2866022026 4294973201000001 0
2966021986 4294973301000001 0
3066022120 4294973401000001 0
3166022080 4294973501000001 0
3266022080 4294973601000001 0
3366022013 4294973701000001 0
3466022093 4294973801000001 0
3566022026 4294973901000001 0
3666022000 4294974001000001 0
3766022026 4294974101000001 0
3866022120 4294974201000001 0
3966022080 4294974301000001 0
4066022080 4294974401000001 0
4166022120 4294974501000001 0
4266022053 4294974601000001 0
4366022066 4294974701000001 0
4466022106 4294974801000001 0
4566022093 4294974901000001 0
4666022160 4294975001000001 0
4766022160 4294975101000001 0
4866022053 4294975201000001 0
4966022093 4294975301000001 0
5066022080 4294975401000001 0
