Detector: detector priority is 6
Detector: detector period is 100
Detector is finished, processed all frames.
Dumping output [ timeBefore timeAfter timeDifference heapFreeBefore heapFreeAfter detectedCollisions suspectedCollisions ] for 50 recorded detector runs, in ns
165419493 169763186 4343693 814240 804448 1 4
266168000 281426920 15258920 804352 775776 1 4
366170493 390408773 24238280 775680 738688 2 24
466163160 482407080 16243920 738592 705760 0 0
566598386 592481093 25882707 705664 666016 3 24
666598440 692920213 26321773 665920 626432 2 28
766614506 780865546 14251040 626336 597536 0 0
866640453 882315506 15675053 597440 568288 1 6
966637400 981594440 14957040 568192 538048 0 0
1066631813 1081962133 15330320 537952 506464 0 0
1166602413 1183005386 16402973 506368 473536 0 0
1266609346 1282946266 16336920 473440 440608 0 0
1366618840 1381605146 14986306 440512 410368 0 0
1466643426 1479443146 12799720 410272 384960 1 2
1566641160 1580206373 13565213 384864 357408 0 0
1666632346 1691651226 25018880 357312 318976 2 24
1766607746 1799612920 33005174 318880 274048 3 42
1866602666 1881378680 14776014 273952 243808 0 0
1966611093 1987683453 21072360 814528 779840 2 16
2066655240 2082207320 15552080 779744 750592 1 6
2166641013 2182034080 15393067 750496 721952 0 4
2266642146 2282006093 15363947 721856 690368 0 0
2366609773 2382355933 15746160 690272 658784 0 0
2466614333 2481901146 15286813 658688 627200 0 0
2566618840 2582377373 15758533 627104 595616 0 0
2666635946 2681866786 15230840 595520 566976 0 4
2766641586 2782571493 15929907 566880 537728 1 6
2866633706 2887593706 20960000 537632 502944 2 16
2966639026 2982253720 15614694 502848 471360 0 0
3066601773 3096327320 29725547 471264 429504 3 36
3166611266 3191441986 24830720 429408 391072 2 24
3266617120 3280886946 14269826 390976 362176 0 0
3366657066 3379425253 12768187 362080 336768 1 2
3466649373 3480763280 14113907 336672 307872 0 0
3566642720 3582017666 15374946 307776 276288 0 0
3666606440 3683590173 16983733 276192 242016 0 0
3766610573 3782232653 15622080 814528 783040 0 0
3866613346 3880801933 14188587 782944 754144 0 0
3966657106 3982566986 15909880 754048 724896 1 6
4066645133 4080887533 14242400 724800 696000 0 0
4166643880 4193299826 26655946 695904 656416 2 28
4266608933 4292354840 25745907 656320 616672 3 24
4366602920 4382726906 16123986 616576 583744 0 0
4466609213 4491801093 25191880 583648 545312 2 24
4566677346 4581456933 14779587 545216 516640 1 4
4666649053 4682585573 15936520 516544 487392 1 6
4766646320 4781303253 14656933 487296 457152 0 0
4866641453 4883046080 16404627 457056 424224 0 0
4966618826 4982637880 16019054 424128 391296 0 0
5066618786 5082336786 15718000 391200 359712 0 0
Generated frames: 50
Received (and measured) frames: 50
Frame not ready event count (in detector): 0
Frames dropped due to full buffer in detector: 0
Frames processed by detector: 50
Detector stop indicator set: true
Reported missed detector periods (reported by waitForNextPeriod): 0
Detector first release was scheduled for: 4294970501000001
165266200 4294970501000001 0
265266093 4294970601000001 0
365266106 4294970701000001 0
465266133 4294970801000001 0
565266106 4294970901000001 0
665266053 4294971001000001 0
765266146 4294971101000001 0
865266213 4294971201000001 0
965266133 4294971301000001 0
1065266173 4294971401000001 0
1165266173 4294971501000001 0
1265266146 4294971601000001 0
1365266213 4294971701000001 0
1465266173 4294971801000001 0
1565266160 4294971901000001 0
1665266146 4294972001000001 0
1765266120 4294972101000001 0
1865266146 4294972201000001 0
1965266213 4294972301000001 0
2065266200 4294972401000001 0
2165266093 4294972501000001 0
2265266133 4294972601000001 0
2365266120 4294972701000001 0
2465266160 4294972801000001 0
2565266173 4294972901000001 0
2665266066 4294973001000001 0
2765266160 4294973101000001 0
2865266080 4294973201000001 0
2965266120 4294973301000001 0
3065266186 4294973401000001 0
3165266106 4294973501000001 0
3265266093 4294973601000001 0
3365266120 4294973701000001 0
3465266266 4294973801000001 0
3565266186 4294973901000001 0
3665266066 4294974001000001 0
3765266080 4294974101000001 0
3865266120 4294974201000001 0
3965266186 4294974301000001 0
4065266186 4294974401000001 0
4165266213 4294974501000001 0
4265266146 4294974601000001 0
4365266093 4294974701000001 0
4465266240 4294974801000001 0
4565266106 4294974901000001 0
4665266133 4294975001000001 0
4765266146 4294975101000001 0
4865266186 4294975201000001 0
4965266146 4294975301000001 0
5065266213 4294975401000001 0
