Detector: detector priority is 6
Detector: detector period is 100
Detector is finished, processed all frames.
Dumping output [ timeBefore timeAfter timeDifference heapFreeBefore heapFreeAfter detectedCollisions suspectedCollisions ] for 50 recorded detector runs, in ns
165623293 169962413 4339120 814240 804448 1 4
266371080 281618586 15247506 804352 775776 1 4
366374760 390614293 24239533 775680 738688 2 24
466368360 482625813 16257453 738592 705760 0 0
566802560 592686280 25883720 705664 666016 3 24
666802533 693125546 26323013 665920 626432 2 28
766818906 781070680 14251774 626336 597536 0 0
866844573 882520093 15675520 597440 568288 1 6
966841600 981798413 14956813 568192 538048 0 0
1066836053 1082165173 15329120 537952 506464 0 0
1166806613 1183210573 16403960 506368 473536 0 0
1266813506 1283150280 16336774 473440 440608 0 0
1366822693 1381808026 14985333 440512 410368 0 0
1466847640 1479648360 12800720 410272 384960 1 2
1566845186 1580409706 13564520 384864 357408 0 0
1666834826 1691828373 24993547 357312 318976 2 24
1766809933 1799832813 33022880 318880 274048 3 42
1866807026 1881587026 14780000 273952 243808 0 0
1966815533 1987887706 21072173 814528 779840 2 16
2066858946 2082411760 15552814 779744 750592 1 6
2166845240 2182238880 15393640 750496 721952 0 4
2266845906 2282209306 15363400 721856 690368 0 0
2366814093 2382561453 15747360 690272 658784 0 0
2466818600 2482105533 15286933 658688 627200 0 0
2566822760 2582581666 15758906 627104 595616 0 0
2666838360 2682054253 15215893 595520 566976 0 4
2766845573 2782783653 15938080 566880 537728 1 6
2866837813 2887797480 20959667 537632 502944 2 16
2966843200 2982456760 15613560 502848 471360 0 0
3066806000 3096532360 29726360 471264 429504 3 36
3166815333 3191645746 24830413 429408 391072 2 24
3266821400 3281092573 14271173 390976 362176 0 0
3366861520 3379630160 12768640 362080 336768 1 2
3466853426 3480967533 14114107 336672 307872 0 0
3566847013 3582221400 15374387 307776 276288 0 0
3666810933 3683795240 16984307 276192 242016 0 0
3766814906 3782437693 15622787 814528 783040 0 0
3866817506 3881007080 14189574 782944 754144 0 0
3966861120 3982771600 15910480 754048 724896 1 6
4066848960 4081090266 14241306 724800 696000 0 0
4166848186 4193506293 26658107 695904 656416 2 28
4266813133 4292558813 25745680 656320 616672 3 24
4366807346 4382930733 16123387 616576 583744 0 0
4466813360 4492004226 25190866 583648 545312 2 24
4566881333 4581660053 14778720 545216 516640 1 4
4666853306 4682789386 15936080 516544 487392 1 6
4766850280 4781506200 14655920 487296 457152 0 0
4866845826 4883250906 16405080 457056 424224 0 0
4966823040 4982841986 16018946 424128 391296 0 0
5066822986 5082541266 15718280 391200 359712 0 0
Generated frames: 50
Received (and measured) frames: 50
Frame not ready event count (in detector): 0
Frames dropped due to full buffer in detector: 0
Frames processed by detector: 50
Detector stop indicator set: true
Reported missed detector periods (reported by waitForNextPeriod): 0
Detector first release was scheduled for: 4294970501000001
165470173 4294970501000001 0
265470226 4294970601000001 0
365470266 4294970701000001 0
465470333 4294970801000001 0
565470253 4294970901000001 0
665470360 4294971001000001 0
765470333 4294971101000001 0
865470346 4294971201000001 0
965470333 4294971301000001 0
1065470266 4294971401000001 0
1165470400 4294971501000001 0
1265470280 4294971601000001 0
1365470280 4294971701000001 0
1465470320 4294971801000001 0
1565470213 4294971901000001 0
1665470280 4294972001000001 0
1765470200 4294972101000001 0
1865470360 4294972201000001 0
1965470200 4294972301000001 0
2065470253 4294972401000001 0
2165470280 4294972501000001 0
2265470373 4294972601000001 0
2365470386 4294972701000001 0
2465470293 4294972801000001 0
2565470213 4294972901000001 0
2665470200 4294973001000001 0
2765470360 4294973101000001 0
2865470320 4294973201000001 0
2965470360 4294973301000001 0
3065470240 4294973401000001 0
3165470280 4294973501000001 0
3265470253 4294973601000001 0
3365470213 4294973701000001 0
3465470333 4294973801000001 0
3565470373 4294973901000001 0
3665470386 4294974001000001 0
3765470306 4294974101000001 0
3865470306 4294974201000001 0
3965470266 4294974301000001 0
4065470253 4294974401000001 0
4165470400 4294974501000001 0
4265470280 4294974601000001 0
4365470293 4294974701000001 0
4465470293 4294974801000001 0
4565470200 4294974901000001 0
4665470346 4294975001000001 0
4765470306 4294975101000001 0
4865470306 4294975201000001 0
4965470253 4294975301000001 0
5065470293 4294975401000001 0
