Detector: detector priority is 6
Detector: detector period is 100
Detector is finished, processed all frames.
Dumping output [ timeBefore timeAfter timeDifference heapFreeBefore heapFreeAfter detectedCollisions suspectedCollisions ] for 50 recorded detector runs, in ns
182187800 186531173 4343373 814240 804448 1 4
282936506 298199386 15262880 804352 775776 1 4
382939146 407188386 24249240 775680 738688 2 24
482932546 499191133 16258587 738592 705760 0 0
583366773 609250640 25883867 705664 666016 3 24
683366640 709689040 26322400 665920 626432 2 28
783383320 797634906 14251586 626336 597536 0 0
883408920 899083453 15674533 597440 568288 1 6
983405840 998362440 14956600 568192 538048 0 0
1083400186 1098730053 15329867 537952 506464 0 0
1183371173 1199774786 16403613 506368 473536 0 0
1283377786 1299714493 16336707 473440 440608 0 0
1383386920 1398373173 14986253 440512 410368 0 0
1483411920 1496211786 12799866 410272 384960 1 2
1583407906 1596959146 13551240 384864 357408 0 0
1683400600 1708420133 25019533 357312 318976 2 24
1783375773 1816399346 33023573 318880 274048 3 42
1883371346 1898151813 14780467 273952 243808 0 0
1983379520 2004452880 21073360 814528 779840 2 16
2083423400 2098975906 15552506 779744 750592 1 6
2183409613 2198803386 15393773 750496 721952 0 4
2283410360 2298774240 15363880 721856 690368 0 0
2383377946 2399124160 15746214 690272 658784 0 0
2483382640 2498669266 15286626 658688 627200 0 0
2583385626 2599128480 15742854 627104 595616 0 0
2683404213 2698635946 15231733 595520 566976 0 4
2783410213 2799347720 15937507 566880 537728 1 6
2883402400 2904362453 20960053 537632 502944 2 16
2983407200 2999021346 15614146 502848 471360 0 0
3083370413 3113096386 29725973 471264 429504 3 36
3183379733 3208210666 24830933 429408 391072 2 24
3283385653 3297656240 14270587 390976 362176 0 0
3383426000 3396192800 12766800 362080 336768 1 2
3483418040 3497532133 14114093 336672 307872 0 0
3583411226 3598786573 15375347 307776 276288 0 0
3683375120 3700359333 16984213 276192 242016 0 0
3783379093 3799001933 15622840 814528 783040 0 0
3883381626 3897570853 14189227 782944 754144 0 0
3983425346 3999336653 15911307 754048 724896 1 6
4083413573 4097655266 14241693 724800 696000 0 0
4183412253 4210070653 26658400 695904 656416 2 28
4283377640 4309124586 25746946 656320 616672 3 24
4383371666 4399495440 16123774 616576 583744 0 0
4483377573 4508569893 25192320 583648 545312 2 24
4583445573 4598224760 14779187 545216 516640 1 4
4683417560 4699353760 15936200 516544 487392 1 6
4783414706 4798069866 14655160 487296 457152 0 0
4883409773 4899815400 16405627 457056 424224 0 0
4983387186 4999406133 16018947 424128 391296 0 0
5083387186 5099105346 15718160 391200 359712 0 0
Generated frames: 50
Received (and measured) frames: 50
Frame not ready event count (in detector): 0
Frames dropped due to full buffer in detector: 0
Frames processed by detector: 50
Detector stop indicator set: true
Reported missed detector periods (reported by waitForNextPeriod): 0
Detector first release was scheduled for: 4294970501000001
182034520 4294970501000001 0
282034546 4294970601000001 0
382034573 4294970701000001 0
482034453 4294970801000001 0
582034573 4294970901000001 0
682034506 4294971001000001 0
782034666 4294971101000001 0
882034600 4294971201000001 0
982034560 4294971301000001 0
1082034493 4294971401000001 0
1182034573 4294971501000001 0
1282034480 4294971601000001 0
1382034453 4294971701000001 0
1482034640 4294971801000001 0
1582034520 4294971901000001 0
1682034520 4294972001000001 0
1782034626 4294972101000001 0
1882034613 4294972201000001 0
1982034600 4294972301000001 0
2082034520 4294972401000001 0
2182034560 4294972501000001 0
2282034560 4294972601000001 0
2382034600 4294972701000001 0
2482034613 4294972801000001 0
2582034533 4294972901000001 0
2682034560 4294973001000001 0
2782034520 4294973101000001 0
2882034586 4294973201000001 0
2982034533 4294973301000001 0
3082034533 4294973401000001 0
3182034560 4294973501000001 0
3282034573 4294973601000001 0
3382034573 4294973701000001 0
3482034600 4294973801000001 0
3582034520 4294973901000001 0
3682034640 4294974001000001 0
3782034573 4294974101000001 0
3882034573 4294974201000001 0
3982034520 4294974301000001 0
4082034573 4294974401000001 0
4182034560 4294974501000001 0
4282034506 4294974601000001 0
4382034626 4294974701000001 0
4482034560 4294974801000001 0
4582034626 4294974901000001 0
4682034560 4294975001000001 0
4782034640 4294975101000001 0
4882034493 4294975201000001 0
4982034573 4294975301000001 0
5082034560 4294975401000001 0
