Detector: detector priority is 6
Detector: detector period is 100
Detector is finished, processed all frames.
Dumping output [ timeBefore timeAfter timeDifference heapFreeBefore heapFreeAfter detectedCollisions suspectedCollisions ] for 50 recorded detector runs, in ns
165247306 170251586 5004280 814240 798112 1 4
265993240 283995173 18001933 798016 743136 1 4
365994826 393287053 27292227 743040 676672 2 24
465988506 485622320 19633814 676576 611296 0 0
566423946 595682680 29258734 611200 539104 3 24
666424480 695977653 29553173 539008 468608 2 28
766440626 783590333 17149707 468512 411872 0 0
866465866 884880280 18414414 411776 356320 1 6
966462320 984480160 18017840 356224 296704 0 0
1066457080 1085015600 18558520 296608 234208 0 0
1166428040 1186219320 19791280 814528 749248 0 0
1266434813 1286155493 19720680 749152 683872 0 0
1366443786 1384490120 18046334 683776 624256 0 0
1466469013 1481681040 15212027 624160 575616 1 2
1566466533 1582774346 16307813 575520 521760 0 0
1666457733 1694699520 28241787 521664 452416 2 24
1766432840 1802841893 36409053 452320 375040 3 42
1866426760 1884254733 17827973 374944 315424 0 0
1966436693 1990567386 24130693 315328 251264 2 16
2066480600 2084774093 18293493 251168 195712 1 6
2166466653 2184756733 18290080 814528 758144 0 4
2266467346 2285060386 18593040 758048 695648 0 0
2366435280 2385404106 18968826 695552 633152 0 0
2466439986 2484957026 18517040 633056 570656 0 0
2566444213 2585424240 18980027 570560 508160 0 0
2666461413 2684602400 18140987 508064 451680 0 4
2766467000 2785145773 18678773 451584 396128 1 6
2866457360 2890453880 23996520 396032 331968 2 16
2966464386 2985300106 18835720 331872 269472 0 0
3066427453 3099376173 32948720 269376 196704 3 36
3166437053 3194495640 28058587 814528 745280 2 24
3266442386 3283612426 17170040 745184 688544 0 0
3366482293 3381664586 15182293 688448 639904 1 2
3466474640 3483489226 17014586 639808 583168 0 0
3566467933 3585072333 18604400 583072 520672 0 0
3666432120 3686966466 20534346 520576 452416 0 0
3766436013 3785281853 18845840 452320 389920 0 0
3866438693 3883529213 17090520 389824 333184 0 0
3966482133 3985133080 18650947 333088 277632 1 6
4066470813 4083617333 17146520 277536 220896 0 0
4166469080 4196351080 29882000 220800 150400 2 28
4266434493 4295570733 29136240 814528 742432 3 24
4366428320 4385943106 19514786 742336 677056 0 0
4466434586 4494847426 28412840 676960 607712 2 24
4566502613 4584025000 17522387 607616 552736 1 4
4666474333 4685149013 18674680 552640 497184 1 6
4766471826 4784195093 17723267 497088 437568 0 0
4866466546 4886258626 19792080 437472 372192 0 0
4966443973 4985857733 19413760 372096 306816 0 0
5066444253 5085386346 18942093 306720 244320 0 0
Generated frames: 50
Received (and measured) frames: 50
Frame not ready event count (in detector): 0
Frames dropped due to full buffer in detector: 0
Frames processed by detector: 50
Detector stop indicator set: true
Reported missed detector periods (reported by waitForNextPeriod): 0
Detector first release was scheduled for: 4294970501000001
165094600 4294970501000001 0
265094453 4294970601000001 0
365094400 4294970701000001 0
465094400 4294970801000001 0
565094573 4294970901000001 0
665094666 4294971001000001 0
765094680 4294971101000001 0
865094666 4294971201000001 0
965094400 4294971301000001 0
1065094680 4294971401000001 0
1165094640 4294971501000001 0
1265094706 4294971601000001 0
1365094680 4294971701000001 0
1465094560 4294971801000001 0
1565094400 4294971901000001 0
1665094693 4294972001000001 0
1765094480 4294972101000001 0
1865094626 4294972201000001 0
1965094640 4294972301000001 0
2065094680 4294972401000001 0
2165094613 4294972501000001 0
2265094693 4294972601000001 0
2365094613 4294972701000001 0
2465094586 4294972801000001 0
2565094613 4294972901000001 0
2665094640 4294973001000001 0
2765094600 4294973101000001 0
2865094400 4294973201000001 0
2965094680 4294973301000001 0
3065094853 4294973401000001 0
3165094760 4294973501000001 0
3265094400 4294973601000001 0
3365094400 4294973701000001 0
3465094666 4294973801000001 0
3565094613 4294973901000001 0
3665094626 4294974001000001 0
3765094640 4294974101000001 0
3865094693 4294974201000001 0
3965094413 4294974301000001 0
4065094720 4294974401000001 0
4165094506 4294974501000001 0
4265094653 4294974601000001 0
4365094400 4294974701000001 0
4465094693 4294974801000001 0
4565094720 4294974901000001 0
4665094653 4294975001000001 0
4765094626 4294975101000001 0
4865094413 4294975201000001 0
4965094400 4294975301000001 0
5065094466 4294975401000001 0
