Detector: detector priority is 6
Detector: detector period is 100
Detector is finished, processed all frames.
Dumping output [ timeBefore timeAfter timeDifference heapFreeBefore heapFreeAfter detectedCollisions suspectedCollisions ] for 50 recorded detector runs, in ns
165254066 169594866 4340800 814240 804448 1 4
266002680 281265146 15262466 804352 775776 1 4
366004066 390234546 24230480 775680 738688 2 24
465997800 482242720 16244920 738592 705760 0 0
566432706 592305440 25872734 705664 666016 3 24
666433120 692756133 26323013 665920 626432 2 28
766449186 780700413 14251227 626336 597536 0 0
866475053 882150386 15675333 597440 568288 1 6
966472026 981428573 14956547 568192 538048 0 0
1066466626 1081796173 15329547 537952 506464 0 0
1166437026 1182840880 16403854 506368 473536 0 0
1266443893 1282780653 16336760 473440 440608 0 0
1366453013 1381439666 14986653 440512 410368 0 0
1466478093 1479278173 12800080 410272 384960 1 2
1566475946 1580041173 13565227 384864 357408 0 0
1666466920 1691485800 25018880 357312 318976 2 24
1766441866 1799465800 33023934 318880 274048 3 42
1866436066 1881201933 14765867 273952 243808 0 0
1966445853 1987517813 21071960 814528 779840 2 16
2066489413 2082041400 15551987 779744 750592 1 6
2166475853 2181869240 15393387 750496 721952 0 4
2266476653 2281840546 15363893 721856 690368 0 0
2366444800 2382191386 15746586 690272 658784 0 0
2466448960 2481736400 15287440 658688 627200 0 0
2566453573 2582211240 15757667 627104 595616 0 0
2666470853 2681701773 15230920 595520 566976 0 4
2766476066 2782413773 15937707 566880 537728 1 6
2866466880 2887405093 20938213 537632 502944 2 16
2966473586 2982087800 15614214 502848 471360 0 0
3066436546 3096162066 29725520 471264 429504 3 36
3166446106 3191277240 24831134 429408 391072 2 24
3266452106 3280722640 14270534 390976 362176 0 0
3366491853 3379259546 12767693 362080 336768 1 2
3466484053 3480597493 14113440 336672 307872 0 0
3566477173 3581851373 15374200 307776 276288 0 0
3666441480 3683425266 16983786 276192 242016 0 0
3766445160 3782068293 15623133 814528 783040 0 0
3866447960 3880637773 14189813 782944 754144 0 0
3966491786 3982401720 15909934 754048 724896 1 6
4066479520 4080720493 14240973 724800 696000 0 0
4166478253 4193135813 26657560 695904 656416 2 28
4266443840 4292190493 25746653 656320 616672 3 24
4366437240 4382560520 16123280 616576 583744 0 0
4466443826 4491635746 25191920 583648 545312 2 24
4566511706 4581290773 14779067 545216 516640 1 4
4666483840 4682419400 15935560 516544 487392 1 6
4766481146 4781138613 14657467 487296 457152 0 0
4866476093 4882881066 16404973 457056 424224 0 0
4966453346 4982472586 16019240 424128 391296 0 0
5066453613 5082171986 15718373 391200 359712 0 0
Generated frames: 50
Received (and measured) frames: 50
Frame not ready event count (in detector): 0
Frames dropped due to full buffer in detector: 0
Frames processed by detector: 50
Detector stop indicator set: true
Reported missed detector periods (reported by waitForNextPeriod): 0
Detector first release was scheduled for: 4294970501000001
165100733 4294970501000001 0
265100880 4294970601000001 0
365100733 4294970701000001 0
465100773 4294970801000001 0
565100786 4294970901000001 0
665100866 4294971001000001 0
765100746 4294971101000001 0
865100933 4294971201000001 0
965100786 4294971301000001 0
1065100773 4294971401000001 0
1165100893 4294971501000001 0
1265100760 4294971601000001 0
1365100826 4294971701000001 0
1465100786 4294971801000001 0
1565100786 4294971901000001 0
1665100800 4294972001000001 0
1765100773 4294972101000001 0
1865100853 4294972201000001 0
1965100813 4294972301000001 0
2065100760 4294972401000001 0
2165100840 4294972501000001 0
2265100880 4294972601000001 0
2365100986 4294972701000001 0
2465100866 4294972801000001 0
2565100786 4294972901000001 0
2665100826 4294973001000001 0
2765100786 4294973101000001 0
2865100840 4294973201000001 0
2965100826 4294973301000001 0
3065100893 4294973401000001 0
3165100866 4294973501000001 0
3265100840 4294973601000001 0
3365100786 4294973701000001 0
3465100826 4294973801000001 0
3565100880 4294973901000001 0
3665100840 4294974001000001 0
3765100813 4294974101000001 0
3865100893 4294974201000001 0
3965100866 4294974301000001 0
4065100813 4294974401000001 0
4165100826 4294974501000001 0
4265100800 4294974601000001 0
4365100760 4294974701000001 0
4465100760 4294974801000001 0
4565100773 4294974901000001 0
4665100733 4294975001000001 0
4765100920 4294975101000001 0
4865100800 4294975201000001 0
4965100786 4294975301000001 0
5065100866 4294975401000001 0
