Detector: detector priority is 6
Detector: detector period is 100
Detector is finished, processed all frames.
Dumping output [ timeBefore timeAfter timeDifference heapFreeBefore heapFreeAfter detectedCollisions suspectedCollisions ] for 50 recorded detector runs, in ns
359025186 364033346 5008160 814240 798112 1 4
459771600 477771826 18000226 798016 743136 1 4
559773666 587085533 27311867 743040 676672 2 24
659767346 679414586 19647240 676576 611296 0 0
760202146 789471613 29269467 611200 539104 3 24
860202400 889754253 29551853 539008 468608 2 28
960218053 977367600 17149547 468512 411872 0 0
1060243600 1078658253 18414653 411776 356320 1 6
1160240746 1178257706 18016960 356224 296704 0 0
1260234360 1278792760 18558400 296608 234208 0 0
1360205546 1379996520 19790974 814528 749248 0 0
1460212320 1479933253 19720933 749152 683872 0 0
1560221506 1578268960 18047454 683776 624256 0 0
1660246826 1675459360 15212534 624160 575616 1 2
1760244600 1776552693 16308093 575520 521760 0 0
1860235333 1888478413 28243080 521664 452416 2 24
1960210653 1996621000 36410347 452320 375040 3 42
2060206000 2078051866 17845866 374944 315424 0 0
2160214440 2184345573 24131133 315328 251264 2 16
2260258280 2278552240 18293960 251168 195712 1 6
2360244400 2378534800 18290400 814528 758144 0 4
2460245253 2478838826 18593573 758048 695648 0 0
2560213213 2579182173 18968960 695552 633152 0 0
2660217440 2678734186 18516746 633056 570656 0 0
2760222013 2779201533 18979520 570560 508160 0 0
2860239200 2878381293 18142093 508064 451680 0 4
2960244586 2978923733 18679147 451584 396128 1 6
3060236880 3084258040 24021160 396032 331968 2 16
3160242720 3179079253 18836533 331872 269472 0 0
3260205040 3293156173 32951133 269376 196704 3 36
3360214720 3388273200 28058480 814528 745280 2 24
3460220560 3477390826 17170266 745184 688544 0 0
3560260480 3575442786 15182306 688448 639904 1 2
3660252546 3677266680 17014134 639808 583168 0 0
3760245440 3778849866 18604426 583072 520672 0 0
3860210026 3880744000 20533974 520576 452416 0 0
3960213693 3979060266 18846573 452320 389920 0 0
4060216733 4077305773 17089040 389824 333184 0 0
4160260226 4178910533 18650307 333088 277632 1 6
4260248413 4277395840 17147427 277536 220896 0 0
4360246786 4390128360 29881574 220800 150400 2 28
4460212093 4489348786 29136693 814528 742432 3 24
4560206373 4579720573 19514200 742336 677056 0 0
4660212400 4688625866 28413466 676960 607712 2 24
4760280493 4777801613 17521120 607616 552736 1 4
4860252120 4878928200 18676080 552640 497184 1 6
4960249466 4977971946 17722480 497088 437568 0 0
5060244906 5080036560 19791654 437472 372192 0 0
5160222213 5179636333 19414120 372096 306816 0 0
5260222173 5279163800 18941627 306720 244320 0 0
Generated frames: 50
Received (and measured) frames: 50
Frame not ready event count (in detector): 0
Frames dropped due to full buffer in detector: 0
Frames processed by detector: 50
Detector stop indicator set: true
Reported missed detector periods (reported by waitForNextPeriod): 0
Detector first release was scheduled for: 4294970901000001
358872440 4294970901000001 0
458872480 4294971001000001 0
558872253 4294971101000001 0
658872293 4294971201000001 0
758872573 4294971301000001 0
858872493 4294971401000001 0
958872440 4294971501000001 0
1058872426 4294971601000001 0
1158872506 4294971701000001 0
1258872293 4294971801000001 0
1358872240 4294971901000001 0
1458872240 4294972001000001 0
1558872320 4294972101000001 0
1658872493 4294972201000001 0
1758872546 4294972301000001 0
1858872306 4294972401000001 0
1958872306 4294972501000001 0
2058872293 4294972601000001 0
2158872240 4294972701000001 0
2258872520 4294972801000001 0
2358872453 4294972901000001 0
2458872453 4294973001000001 0
2558872533 4294973101000001 0
2658872253 4294973201000001 0
2758872306 4294973301000001 0
2858872506 4294973401000001 0
2958872466 4294973501000001 0
3058872506 4294973601000001 0
3158872520 4294973701000001 0
3258872426 4294973801000001 0
3358872533 4294973901000001 0
3458872520 4294974001000001 0
3558872440 4294974101000001 0
3658872560 4294974201000001 0
3758872240 4294974301000001 0
3858872466 4294974401000001 0
3958872306 4294974501000001 0
4058872506 4294974601000001 0
4158872440 4294974701000001 0
4258872466 4294974801000001 0
4358872333 4294974901000001 0
4458872453 4294975001000001 0
4558872466 4294975101000001 0
4658872466 4294975201000001 0
4758872560 4294975301000001 0
4858872253 4294975401000001 0
4958872466 4294975501000001 0
5058872480 4294975601000001 0
5158872520 4294975701000001 0
5258872520 4294975801000001 0
