Detector: detector priority is 6
Detector: detector period is 100
Detector is finished, processed all frames.
Dumping output [ timeBefore timeAfter timeDifference heapFreeBefore heapFreeAfter detectedCollisions suspectedCollisions ] for 50 recorded detector runs, in ns
165375933 169717386 4341453 814240 804448 1 4
266124533 281387533 15263000 804352 775776 1 4
366125960 390355373 24229413 775680 738688 2 24
466119720 482363706 16243986 738592 705760 0 0
566554666 592427693 25873027 705664 666016 3 24
666555080 692878066 26322986 665920 626432 2 28
766571146 780822546 14251400 626336 597536 0 0
866596853 882271906 15675053 597440 568288 1 6
966594200 981552266 14958066 568192 538048 0 0
1066588160 1081918226 15330066 537952 506464 0 0
1166558960 1182962333 16403373 506368 473536 0 0
1266565680 1282903000 16337320 473440 440608 0 0
1366575000 1381561573 14986573 440512 410368 0 0
1466600146 1479401000 12800854 410272 384960 1 2
1566597600 1580162986 13565386 384864 357408 0 0
1666588693 1691608306 25019613 357312 318976 2 24
1766563946 1799587200 33023254 318880 274048 3 42
1866557880 1881323733 14765853 273952 243808 0 0
1966567746 1987639946 21072200 814528 779840 2 16
2066611613 2082163840 15552227 779744 750592 1 6
2166597600 2181991320 15393720 750496 721952 0 4
2266598280 2281962506 15364226 721856 690368 0 0
2366566426 2382312173 15745747 690272 658784 0 0
2466570893 2481857653 15286760 658688 627200 0 0
2566575266 2582333333 15758067 627104 595616 0 0
2666592440 2681823586 15231146 595520 566976 0 4
2766597746 2782535186 15937440 566880 537728 1 6
2866588653 2887526773 20938120 537632 502944 2 16
2966595586 2982209386 15613800 502848 471360 0 0
3066558120 3096283160 29725040 471264 429504 3 36
3166567866 3191397946 24830080 429408 391072 2 24
3266574053 3280844986 14270933 390976 362176 0 0
3366613973 3379382346 12768373 362080 336768 1 2
3466605960 3480719346 14113386 336672 307872 0 0
3566599026 3581974040 15375014 307776 276288 0 0
3666563066 3683547173 16984107 276192 242016 0 0
3766567386 3782190373 15622987 814528 783040 0 0
3866569586 3880758746 14189160 782944 754144 0 0
3966613586 3982523373 15909787 754048 724896 1 6
4066601573 4080842946 14241373 724800 696000 0 0
4166600346 4193257973 26657627 695904 656416 2 28
4266565653 4292313066 25747413 656320 616672 3 24
4366559106 4382682880 16123774 616576 583744 0 0
4466565826 4491756333 25190507 583648 545312 2 24
4566633800 4581412600 14778800 545216 516640 1 4
4666605786 4682542066 15936280 516544 487392 1 6
4766603026 4781258986 14655960 487296 457152 0 0
4866598080 4883002840 16404760 457056 424224 0 0
4966575453 4982595360 16019907 424128 391296 0 0
5066575653 5082293706 15718053 391200 359712 0 0
Generated frames: 50
Received (and measured) frames: 50
Frame not ready event count (in detector): 0
Frames dropped due to full buffer in detector: 0
Frames processed by detector: 50
Detector stop indicator set: true
Reported missed detector periods (reported by waitForNextPeriod): 0
Detector first release was scheduled for: 4294970501000001
165222626 4294970501000001 0
265222666 4294970601000001 0
365222626 4294970701000001 0
465222693 4294970801000001 0
565222613 4294970901000001 0
665222693 4294971001000001 0
765222666 4294971101000001 0
865222733 4294971201000001 0
965222653 4294971301000001 0
1065222693 4294971401000001 0
1165222706 4294971501000001 0
1265222653 4294971601000001 0
1365222760 4294971701000001 0
1465222706 4294971801000001 0
1565222600 4294971901000001 0
1665222693 4294972001000001 0
1765222626 4294972101000001 0
1865222666 4294972201000001 0
1965222706 4294972301000001 0
2065222760 4294972401000001 0
2165222706 4294972501000001 0
2265222613 4294972601000001 0
2365222680 4294972701000001 0
2465222680 4294972801000001 0
2565222666 4294972901000001 0
2665222626 4294973001000001 0
2765222626 4294973101000001 0
2865222613 4294973201000001 0
2965222680 4294973301000001 0
3065222586 4294973401000001 0
3165222600 4294973501000001 0
3265222666 4294973601000001 0
3365222680 4294973701000001 0
3465222680 4294973801000001 0
3565222573 4294973901000001 0
3665222693 4294974001000001 0
3765222600 4294974101000001 0
3865222613 4294974201000001 0
3965222626 4294974301000001 0
4065222746 4294974401000001 0
4165222600 4294974501000001 0
4265222706 4294974601000001 0
4365222613 4294974701000001 0
4465222693 4294974801000001 0
4565222640 4294974901000001 0
4665222720 4294975001000001 0
4765222733 4294975101000001 0
4865222653 4294975201000001 0
4965222666 4294975301000001 0
5065222613 4294975401000001 0
