Detector: detector priority is 6
Detector: detector period is 100
Detector is finished, processed all frames.
Dumping output [ timeBefore timeAfter timeDifference heapFreeBefore heapFreeAfter detectedCollisions suspectedCollisions ] for 50 recorded detector runs, in ns
165977760 170985400 5007640 814240 798112 1 4
266724240 284724680 18000440 798016 743136 1 4
366726453 394035973 27309520 743040 676672 2 24
466720186 486357866 19637680 676576 611296 0 0
567154266 596423546 29269280 611200 539104 3 24
667154733 696706880 29552147 539008 468608 2 28
767170680 784320906 17150226 468512 411872 0 0
867196333 885610400 18414067 411776 356320 1 6
967192973 985210386 18017413 356224 296704 0 0
1067187320 1085746520 18559200 296608 234208 0 0
1167158253 1186949213 19790960 814528 749248 0 0
1267165133 1286886653 19721520 749152 683872 0 0
1367174453 1385221226 18046773 683776 624256 0 0
1467199413 1482411773 15212360 624160 575616 1 2
1567196666 1583504013 16307347 575520 521760 0 0
1667187786 1695429560 28241774 521664 452416 2 24
1767163386 1803573120 36409734 452320 375040 3 42
1867157120 1884985066 17827946 374944 315424 0 0
1967166640 1991297920 24131280 315328 251264 2 16
2067210853 2085504933 18294080 251168 195712 1 6
2167196813 2185487386 18290573 814528 758144 0 4
2267197506 2285791306 18593800 758048 695648 0 0
2367165613 2386134480 18968867 695552 633152 0 0
2467169746 2485686133 18516387 633056 570656 0 0
2567174640 2586153626 18978986 570560 508160 0 0
2667191800 2685332066 18140266 508064 451680 0 4
2767197400 2785876653 18679253 451584 396128 1 6
2867187680 2891184200 23996520 396032 331968 2 16
2967194240 2986030493 18836253 331872 269472 0 0
3067157800 3100107413 32949613 269376 196704 3 36
3167166973 3195225400 28058427 814528 745280 2 24
3267173013 3284343453 17170440 745184 688544 0 0
3367212626 3382394360 15181734 688448 639904 1 2
3467204733 3484219013 17014280 639808 583168 0 0
3567197506 3585800533 18603027 583072 520672 0 0
3667162373 3687696293 20533920 520576 452416 0 0
3767166586 3786012293 18845707 452320 389920 0 0
3867168693 3884258133 17089440 389824 333184 0 0
3967212733 3985864093 18651360 333088 277632 1 6
4067200960 4084347986 17147026 277536 220896 0 0
4167199680 4197081026 29881346 220800 150400 2 28
4267164720 4296301026 29136306 814528 742432 3 24
4367159120 4386674453 19515333 742336 677056 0 0
4467164973 4495578640 28413667 676960 607712 2 24
4567232920 4584753453 17520533 607616 552736 1 4
4667204653 4685880493 18675840 552640 497184 1 6
4767201813 4784924320 17722507 497088 437568 0 0
4867197453 4886989426 19791973 437472 372192 0 0
4967174666 4986587773 19413107 372096 306816 0 0
5067174680 5086116920 18942240 306720 244320 0 0
Generated frames: 50
Received (and measured) frames: 50
Frame not ready event count (in detector): 0
Frames dropped due to full buffer in detector: 0
Frames processed by detector: 50
Detector stop indicator set: true
Reported missed detector periods (reported by waitForNextPeriod): 0
Detector first release was scheduled for: 4294970501000001
165825080 4294970501000001 0
265824986 4294970601000001 0
365825053 4294970701000001 0
465825040 4294970801000001 0
565824773 4294970901000001 0
665825026 4294971001000001 0
765824893 4294971101000001 0
865825026 4294971201000001 0
965824960 4294971301000001 0
1065824933 4294971401000001 0
1165824946 4294971501000001 0
1265825000 4294971601000001 0
1365825000 4294971701000001 0
1465825053 4294971801000001 0
1565825000 4294971901000001 0
1665825000 4294972001000001 0
1765825000 4294972101000001 0
1865824986 4294972201000001 0
1965824773 4294972301000001 0
2065825053 4294972401000001 0
2165825026 4294972501000001 0
2265824733 4294972601000001 0
2365825013 4294972701000001 0
2465824746 4294972801000001 0
2565825133 4294972901000001 0
2665825013 4294973001000001 0
2765824986 4294973101000001 0
2865824720 4294973201000001 0
2965824720 4294973301000001 0
3065825000 4294973401000001 0
3165824986 4294973501000001 0
3265824960 4294973601000001 0
3365824720 4294973701000001 0
3465824973 4294973801000001 0
3565824933 4294973901000001 0
3665824986 4294974001000001 0
3765824920 4294974101000001 0
3865824720 4294974201000001 0
3965824973 4294974301000001 0
4065824746 4294974401000001 0
4165824800 4294974501000001 0
4265824773 4294974601000001 0
4365824973 4294974701000001 0
4465824933 4294974801000001 0
4565824973 4294974901000001 0
4665824986 4294975001000001 0
4765824720 4294975101000001 0
4865825026 4294975201000001 0
4965824986 4294975301000001 0
5065824826 4294975401000001 0
