Detector: detector priority is 6
Detector: detector period is 100
Detector is finished, processed all frames.
Dumping output [ timeBefore timeAfter timeDifference heapFreeBefore heapFreeAfter detectedCollisions suspectedCollisions ] for 50 recorded detector runs, in ns
165803626 170807893 5004267 814240 798112 1 4
266549653 284549906 18000253 798016 743136 1 4
366551320 393843826 27292506 743040 676672 2 24
466544986 486178386 19633400 676576 611296 0 0
566980213 596239693 29259480 611200 539104 3 24
666980386 696532493 29552107 539008 468608 2 28
766996693 784146386 17149693 468512 411872 0 0
867022186 885436706 18414520 411776 356320 1 6
967018653 985036506 18017853 356224 296704 0 0
1067013026 1085571933 18558907 296608 234208 0 0
1166983786 1186774480 19790694 814528 749248 0 0
1266991160 1286712053 19720893 749152 683872 0 0
1366999920 1385046680 18046760 683776 624256 0 0
1467025760 1482237346 15211586 624160 575616 1 2
1567022933 1583329773 16306840 575520 521760 0 0
1667014080 1695255666 28241586 521664 452416 2 24
1766989306 1803398360 36409054 452320 375040 3 42
1866982786 1884810706 17827920 374944 315424 0 0
1966992773 1991124800 24132027 315328 251264 2 16
2067036520 2085330626 18294106 251168 195712 1 6
2167022853 2185314493 18291640 814528 758144 0 4
2267023560 2285616746 18593186 758048 695648 0 0
2366991266 2385959786 18968520 695552 633152 0 0
2466996293 2485512893 18516600 633056 570656 0 0
2567000306 2585979800 18979494 570560 508160 0 0
2667017480 2685158280 18140800 508064 451680 0 4
2767022946 2785701773 18678827 451584 396128 1 6
2867013600 2891010120 23996520 396032 331968 2 16
2967020693 2985857053 18836360 331872 269472 0 0
3066983266 3099933920 32950654 269376 196704 3 36
3166993053 3195052413 28059360 814528 745280 2 24
3266999080 3284168973 17169893 745184 688544 0 0
3367038733 3382220640 15181907 688448 639904 1 2
3467030573 3484044440 17013867 639808 583168 0 0
3567023946 3585628440 18604494 583072 520672 0 0
3666988426 3687522466 20534040 520576 452416 0 0
3766992426 3785838720 18846294 452320 389920 0 0
3866994746 3884084640 17089894 389824 333184 0 0
3967038746 3985690133 18651387 333088 277632 1 6
4067026720 4084174586 17147866 277536 220896 0 0
4167025880 4196906453 29880573 220800 150400 2 28
4266990813 4296128000 29137187 814528 742432 3 24
4366984880 4386500573 19515693 742336 677056 0 0
4466990626 4495403720 28413094 676960 607712 2 24
4567058906 4584579960 17521054 607616 552736 1 4
4667030506 4685705786 18675280 552640 497184 1 6
4767027573 4784750520 17722947 497088 437568 0 0
4867023280 4886814920 19791640 437472 372192 0 0
4967000640 4986414986 19414346 372096 306816 0 0
5067000466 5085941426 18940960 306720 244320 0 0
Generated frames: 50
Received (and measured) frames: 50
Frame not ready event count (in detector): 0
Frames dropped due to full buffer in detector: 0
Frames processed by detector: 50
Detector stop indicator set: true
Reported missed detector periods (reported by waitForNextPeriod): 0
Detector first release was scheduled for: 4294970501000001
165650840 4294970501000001 0
265650800 4294970601000001 0
365650893 4294970701000001 0
465650880 4294970801000001 0
565650813 4294970901000001 0
665650880 4294971001000001 0
765650866 4294971101000001 0
865650906 4294971201000001 0
965650640 4294971301000001 0
1065650853 4294971401000001 0
1165650866 4294971501000001 0
1265650853 4294971601000001 0
1365650826 4294971701000001 0
1465651053 4294971801000001 0
1565650920 4294971901000001 0
1665650800 4294972001000001 0
1765650893 4294972101000001 0
1865650653 4294972201000001 0
1965650880 4294972301000001 0
2065650906 4294972401000001 0
2165650893 4294972501000001 0
2265650893 4294972601000001 0
2365650693 4294972701000001 0
2465650960 4294972801000001 0
2565650666 4294972901000001 0
2665650800 4294973001000001 0
2765650813 4294973101000001 0
2865650640 4294973201000001 0
2965650866 4294973301000001 0
3065650706 4294973401000001 0
3165650640 4294973501000001 0
3265650933 4294973601000001 0
3365650693 4294973701000001 0
3465650813 4294973801000001 0
3565650946 4294973901000001 0
3665650893 4294974001000001 0
3765650960 4294974101000001 0
3865650906 4294974201000001 0
3965650920 4294974301000001 0
4065650840 4294974401000001 0
4165651026 4294974501000001 0
4265650946 4294974601000001 0
4365650813 4294974701000001 0
4465650653 4294974801000001 0
4565650826 4294974901000001 0
4665650706 4294975001000001 0
4765650640 4294975101000001 0
4865650946 4294975201000001 0
4965650866 4294975301000001 0
5065650853 4294975401000001 0
