Detector: detector priority is 6
Detector: detector period is 100
Detector is finished, processed all frames.
Dumping output [ timeBefore timeAfter timeDifference heapFreeBefore heapFreeAfter detectedCollisions suspectedCollisions ] for 50 recorded detector runs, in ns
165394280 170401586 5007306 814240 798112 1 4
266140853 284141280 18000427 798016 743136 1 4
366143493 393452853 27309360 743040 676672 2 24
466136773 485775066 19638293 676576 611296 0 0
566571173 595840266 29269093 611200 539104 3 24
666571240 696123080 29551840 539008 468608 2 28
766587573 783737480 17149907 468512 411872 0 0
866612773 885026546 18413773 411776 356320 1 6
966609693 984626533 18016840 356224 296704 0 0
1066604040 1085163626 18559586 296608 234208 0 0
1166574933 1186366053 19791120 814528 749248 0 0
1266582093 1286302320 19720227 749152 683872 0 0
1366591200 1384637666 18046466 683776 624256 0 0
1466616506 1481828560 15212054 624160 575616 1 2
1566613746 1582921920 16308174 575520 521760 0 0
1666604866 1694847653 28242787 521664 452416 2 24
1766579986 1802989920 36409934 452320 375040 3 42
1866574000 1884401946 17827946 374944 315424 0 0
1966583626 1990715386 24131760 315328 251264 2 16
2066627440 2084921333 18293893 251168 195712 1 6
2166613813 2184904520 18290707 814528 758144 0 4
2266614853 2285208813 18593960 758048 695648 0 0
2366582400 2385551053 18968653 695552 633152 0 0
2466586800 2485103173 18516373 633056 570656 0 0
2566591040 2585570133 18979093 570560 508160 0 0
2666608520 2684750373 18141853 508064 451680 0 4
2766614373 2785293080 18678707 451584 396128 1 6
2866604733 2890601240 23996507 396032 331968 2 16
2966611493 2985448066 18836573 331872 269472 0 0
3066574413 3099525640 32951227 269376 196704 3 36
3166583973 3194643000 28059027 814528 745280 2 24
3266589586 3283759346 17169760 745184 688544 0 0
3366629746 3381811986 15182240 688448 639904 1 2
3466621800 3483635786 17013986 639808 583168 0 0
3566614960 3585219013 18604053 583072 520672 0 0
3666579293 3687112653 20533360 520576 452416 0 0
3766583426 3785428520 18845094 452320 389920 0 0
3866585773 3883674733 17088960 389824 333184 0 0
3966629773 3985281413 18651640 333088 277632 1 6
4066617666 4083764933 17147267 277536 220896 0 0
4166616120 4196496600 29880480 220800 150400 2 28
4266581600 4295716946 29135346 814528 742432 3 24
4366575880 4386091506 19515626 742336 677056 0 0
4466582120 4494996880 28414760 676960 607712 2 24
4566649666 4584171213 17521547 607616 552736 1 4
4666621520 4685296786 18675266 552640 497184 1 6
4766618733 4784341573 17722840 497088 437568 0 0
4866613986 4886405720 19791734 437472 372192 0 0
4966591360 4986004906 19413546 372096 306816 0 0
5066591346 5085533186 18941840 306720 244320 0 0
Generated frames: 50
Received (and measured) frames: 50
Frame not ready event count (in detector): 0
Frames dropped due to full buffer in detector: 0
Frames processed by detector: 50
Detector stop indicator set: true
Reported missed detector periods (reported by waitForNextPeriod): 0
Detector first release was scheduled for: 4294970501000001
165241626 4294970501000001 0
265241786 4294970601000001 0
365241826 4294970701000001 0
465241640 4294970801000001 0
565241773 4294970901000001 0
665241666 4294971001000001 0
765241826 4294971101000001 0
865241640 4294971201000001 0
965241666 4294971301000001 0
1065241786 4294971401000001 0
1165241773 4294971501000001 0
1265241960 4294971601000001 0
1365241946 4294971701000001 0
1465241866 4294971801000001 0
1565241986 4294971901000001 0
1665241880 4294972001000001 0
1765241826 4294972101000001 0
1865241866 4294972201000001 0
1965241866 4294972301000001 0
2065241786 4294972401000001 0
2165241960 4294972501000001 0
2265241840 4294972601000001 0
2365241866 4294972701000001 0
2465241613 4294972801000001 0
2565241920 4294972901000001 0
2665241853 4294973001000001 0
2765241946 4294973101000001 0
2865241773 4294973201000001 0
2965241893 4294973301000001 0
3065241893 4294973401000001 0
3165241613 4294973501000001 0
3265241640 4294973601000001 0
3365241733 4294973701000001 0
3465241906 4294973801000001 0
3565241626 4294973901000001 0
3665241613 4294974001000001 0
3765241960 4294974101000001 0
3865241866 4294974201000001 0
3965241866 4294974301000001 0
4065241826 4294974401000001 0
4165241880 4294974501000001 0
4265241866 4294974601000001 0
4365242000 4294974701000001 0
4465241880 4294974801000001 0
4565241666 4294974901000001 0
4665241613 4294975001000001 0
4765241680 4294975101000001 0
4865241800 4294975201000001 0
4965241893 4294975301000001 0
5065241613 4294975401000001 0
