Detector: detector priority is 6
Detector: detector period is 100
Detector is finished, processed all frames.
Dumping output [ timeBefore timeAfter timeDifference heapFreeBefore heapFreeAfter detectedCollisions suspectedCollisions ] for 50 recorded detector runs, in ns
165238666 170246320 5007654 814240 798112 1 4
265984773 283984173 17999400 798016 743136 1 4
365987520 393297493 27309973 743040 676672 2 24
465981146 485619920 19638774 676576 611296 0 0
566415160 595684640 29269480 611200 539104 3 24
666415466 695967053 29551587 539008 468608 2 28
766431826 783582466 17150640 468512 411872 0 0
866457053 884872000 18414947 411776 356320 1 6
966453800 984471400 18017600 356224 296704 0 0
1066448440 1085008400 18559960 296608 234208 0 0
1166419200 1186210053 19790853 814528 749248 0 0
1266426093 1286146653 19720560 749152 683872 0 0
1366435213 1384481826 18046613 683776 624256 0 0
1466460333 1481672586 15212253 624160 575616 1 2
1566457640 1582765106 16307466 575520 521760 0 0
1666448746 1694689840 28241094 521664 452416 2 24
1766423973 1802833360 36409387 452320 375040 3 42
1866418093 1884246040 17827947 374944 315424 0 0
1966427880 1990558920 24131040 315328 251264 2 16
2066471520 2084765280 18293760 251168 195712 1 6
2166458106 2184748920 18290814 814528 758144 0 4
2266458800 2285053386 18594586 758048 695648 0 0
2366426333 2385395546 18969213 695552 633152 0 0
2466430906 2484947066 18516160 633056 570656 0 0
2566435373 2585415040 18979667 570560 508160 0 0
2666452386 2684593946 18141560 508064 451680 0 4
2766458226 2785136520 18678294 451584 396128 1 6
2866448893 2890445373 23996480 396032 331968 2 16
2966455573 2985292973 18837400 331872 269472 0 0
3066418360 3099370360 32952000 269376 196704 3 36
3166428080 3194487333 28059253 814528 745280 2 24
3266434066 3283603600 17169534 745184 688544 0 0
3366473560 3381656280 15182720 688448 639904 1 2
3466465893 3483479960 17014067 639808 583168 0 0
3566459360 3585064533 18605173 583072 520672 0 0
3666423146 3686956506 20533360 520576 452416 0 0
3766427440 3785274053 18846613 452320 389920 0 0
3866430093 3883520293 17090200 389824 333184 0 0
3966473293 3985124400 18651107 333088 277632 1 6
4066461960 4083609586 17147626 277536 220896 0 0
4166460453 4196341546 29881093 220800 150400 2 28
4266425693 4295562506 29136813 814528 742432 3 24
4366419920 4385934586 19514666 742336 677056 0 0
4466425813 4494839693 28413880 676960 607712 2 24
4566494053 4584015920 17521867 607616 552736 1 4
4666465680 4685140440 18674760 552640 497184 1 6
4766462800 4784185293 17722493 497088 437568 0 0
4866457893 4886250533 19792640 437472 372192 0 0
4966435680 4985849813 19414133 372096 306816 0 0
5066435413 5085377253 18941840 306720 244320 0 0
Generated frames: 50
Received (and measured) frames: 50
Frame not ready event count (in detector): 0
Frames dropped due to full buffer in detector: 0
Frames processed by detector: 50
Detector stop indicator set: true
Reported missed detector periods (reported by waitForNextPeriod): 0
Detector first release was scheduled for: 4294970501000001
165085906 4294970501000001 0
265085920 4294970601000001 0
365085933 4294970701000001 0
465085933 4294970801000001 0
565085733 4294970901000001 0
665086000 4294971001000001 0
765085960 4294971101000001 0
865085973 4294971201000001 0
965085706 4294971301000001 0
1065085906 4294971401000001 0
1165085773 4294971501000001 0
1265085893 4294971601000001 0
1365086053 4294971701000001 0
1465086000 4294971801000001 0
1565085866 4294971901000001 0
1665085800 4294972001000001 0
1765085760 4294972101000001 0
1865085960 4294972201000001 0
1965086040 4294972301000001 0
2065085880 4294972401000001 0
2165085893 4294972501000001 0
2265085706 4294972601000001 0
2365085866 4294972701000001 0
2465085920 4294972801000001 0
2565085773 4294972901000001 0
2665085866 4294973001000001 0
2765086013 4294973101000001 0
2865085933 4294973201000001 0
2965085706 4294973301000001 0
3065085786 4294973401000001 0
3165085920 4294973501000001 0
3265085973 4294973601000001 0
3365085786 4294973701000001 0
3465085973 4294973801000001 0
3565086026 4294973901000001 0
3665085706 4294974001000001 0
3765086040 4294974101000001 0
3865085946 4294974201000001 0
3965085706 4294974301000001 0
4065085960 4294974401000001 0
4165086026 4294974501000001 0
4265086040 4294974601000001 0
4365086013 4294974701000001 0
4465085946 4294974801000001 0
4565085973 4294974901000001 0
4665085986 4294975001000001 0
4765085880 4294975101000001 0
4865085706 4294975201000001 0
4965086013 4294975301000001 0
5065085733 4294975401000001 0
