Detector: detector priority is 6
Detector: detector period is 100
Detector is finished, processed all frames.
Dumping output [ timeBefore timeAfter timeDifference heapFreeBefore heapFreeAfter detectedCollisions suspectedCollisions ] for 50 recorded detector runs, in ns
168510146 173517986 5007840 814240 798112 1 4
269255426 287251986 17996560 798016 743136 1 4
369258653 396559493 27300840 743040 676672 2 24
469252720 488899866 19647146 676576 611296 0 0
569686946 598956253 29269307 611200 539104 3 24
669687013 699239253 29552240 539008 468608 2 28
769703106 786854080 17150974 468512 411872 0 0
869728733 888142986 18414253 411776 356320 1 6
969725480 987742440 18016960 356224 296704 0 0
1069719960 1088279173 18559213 296608 234208 0 0
1169690813 1189481920 19791107 814528 749248 0 0
1269697640 1289418120 19720480 749152 683872 0 0
1369706746 1387753080 18046334 683776 624256 0 0
1469731706 1484943973 15212267 624160 575616 1 2
1569729266 1586036053 16306787 575520 521760 0 0
1669720506 1697963840 28243334 521664 452416 2 24
1769694093 1806065346 36371253 452320 375040 3 42
1869690880 1887536346 17845466 374944 315424 0 0
1969699160 1993830280 24131120 315328 251264 2 16
2069742826 2088037466 18294640 251168 195712 1 6
2169729280 2188019253 18289973 814528 758144 0 4
2269729840 2288322733 18592893 758048 695648 0 0
2369697426 2388666400 18968974 695552 633152 0 0
2469702253 2488217720 18515467 633056 570656 0 0
2569707360 2588687960 18980600 570560 508160 0 0
2669723773 2687864600 18140827 508064 451680 0 4
2769728080 2788387186 18659106 451584 396128 1 6
2869721786 2893743453 24021667 396032 331968 2 16
2969727026 2988564186 18837160 331872 269472 0 0
3069689693 3102640533 32950840 269376 196704 3 36
3169699586 3197756840 28057254 814528 745280 2 24
3269705506 3286875200 17169694 745184 688544 0 0
3369745360 3384927600 15182240 688448 639904 1 2
3469737493 3486751826 17014333 639808 583168 0 0
3569730506 3588333813 18603307 583072 520672 0 0
3669694986 3690228946 20533960 520576 452416 0 0
3769698826 3788544360 18845534 452320 389920 0 0
3869701533 3886790973 17089440 389824 333184 0 0
3969745080 3988396493 18651413 333088 277632 1 6
4069733360 4086881680 17148320 277536 220896 0 0
4169732160 4199613866 29881706 220800 150400 2 28
4269697546 4298833760 29136214 814528 742432 3 24
4369691240 4389205933 19514693 742336 677056 0 0
4469697346 4498111160 28413814 676960 607712 2 24
4569765146 4587286306 17521160 607616 552736 1 4
4669737240 4688414040 18676800 552640 497184 1 6
4769734106 4787456680 17722574 497088 437568 0 0
4869729773 4889523133 19793360 437472 372192 0 0
4969707000 4989120400 19413400 372096 306816 0 0
5069707253 5088648320 18941067 306720 244320 0 0
Generated frames: 50
Received (and measured) frames: 50
Frame not ready event count (in detector): 0
Frames dropped due to full buffer in detector: 0
Frames processed by detector: 50
Detector stop indicator set: true
Reported missed detector periods (reported by waitForNextPeriod): 0
Detector first release was scheduled for: 4294970501000001
168357453 4294970501000001 0
268357440 4294970601000001 0
368357253 4294970701000001 0
468357466 4294970801000001 0
568357506 4294970901000001 0
668357413 4294971001000001 0
768357480 4294971101000001 0
868357426 4294971201000001 0
968357440 4294971301000001 0
1068357520 4294971401000001 0
1168357240 4294971501000001 0
1268357533 4294971601000001 0
1368357520 4294971701000001 0
1468357493 4294971801000001 0
1568357186 4294971901000001 0
1668357440 4294972001000001 0
1768357440 4294972101000001 0
1868357266 4294972201000001 0
1968357200 4294972301000001 0
2068357360 4294972401000001 0
2168357493 4294972501000001 0
2268357226 4294972601000001 0
2368357253 4294972701000001 0
2468357413 4294972801000001 0
2568357440 4294972901000001 0
2668357213 4294973001000001 0
2768357413 4294973101000001 0
2868357213 4294973201000001 0
2968357200 4294973301000001 0
3068357386 4294973401000001 0
3168357506 4294973501000001 0
3268357453 4294973601000001 0
3368357546 4294973701000001 0
3468357480 4294973801000001 0
3568357360 4294973901000001 0
3668357506 4294974001000001 0
3768357440 4294974101000001 0
3868357426 4294974201000001 0
3968357440 4294974301000001 0
4068357426 4294974401000001 0
4168357533 4294974501000001 0
4268357386 4294974601000001 0
4368357533 4294974701000001 0
4468357360 4294974801000001 0
4568357253 4294974901000001 0
4668357480 4294975001000001 0
4768357226 4294975101000001 0
4868357480 4294975201000001 0
4968357520 4294975301000001 0
5068357533 4294975401000001 0
