Detector: detector priority is 6
Detector: detector period is 100
Detector is finished, processed all frames.
Dumping output [ timeBefore timeAfter timeDifference heapFreeBefore heapFreeAfter detectedCollisions suspectedCollisions ] for 50 recorded detector runs, in ns
165571906 170579613 5007707 814240 798112 1 4
266318346 284318480 18000134 798016 743136 1 4
366319853 393626186 27306333 743040 676672 2 24
466314293 485958480 19644187 676576 611296 0 0
566748733 596017506 29268773 611200 539104 3 24
666749040 696300173 29551133 539008 468608 2 28
766765000 783915253 17150253 468512 411872 0 0
866790360 885205053 18414693 411776 356320 1 6
966787466 984803933 18016467 356224 296704 0 0
1066781320 1085341000 18559680 296608 234208 0 0
1166752733 1186543493 19790760 814528 749248 0 0
1266759733 1286480800 19721067 749152 683872 0 0
1366768933 1384815106 18046173 683776 624256 0 0
1466793960 1482005906 15211946 624160 575616 1 2
1566791440 1583098880 16307440 575520 521760 0 0
1666782466 1695025453 28242987 521664 452416 2 24
1766757720 1803167453 36409733 452320 375040 3 42
1866751560 1884579506 17827946 374944 315424 0 0
1966760893 1990892320 24131427 315328 251264 2 16
2066805106 2085098560 18293454 251168 195712 1 6
2166791440 2185081880 18290440 814528 758144 0 4
2266791933 2285384280 18592347 758048 695648 0 0
2366760133 2385729440 18969307 695552 633152 0 0
2466764386 2485280946 18516560 633056 570656 0 0
2566769200 2585749573 18980373 570560 508160 0 0
2666785920 2684926306 18140386 508064 451680 0 4
2766791586 2785469933 18678347 451584 396128 1 6
2866782133 2890778653 23996520 396032 331968 2 16
2966789240 2985625586 18836346 331872 269472 0 0
3066752226 3099702320 32950094 269376 196704 3 36
3166761546 3194819960 28058414 814528 745280 2 24
3266767120 3283936346 17169226 745184 688544 0 0
3366806986 3381989013 15182027 688448 639904 1 2
3466799466 3483814053 17014587 639808 583168 0 0
3566792760 3585397360 18604600 583072 520672 0 0
3666756973 3687290253 20533280 520576 452416 0 0
3766760893 3785606453 18845560 452320 389920 0 0
3866763333 3883853506 17090173 389824 333184 0 0
3966807146 3985458613 18651467 333088 277632 1 6
4066795186 4083942493 17147307 277536 220896 0 0
4166794066 4196675386 29881320 220800 150400 2 28
4266759346 4295895133 29135787 814528 742432 3 24
4366753226 4386268320 19515094 742336 677056 0 0
4466759240 4495173733 28414493 676960 607712 2 24
4566827360 4584347306 17519946 607616 552736 1 4
4666799226 4685474306 18675080 552640 497184 1 6
4766796280 4784518600 17722320 497088 437568 0 0
4866791853 4886584173 19792320 437472 372192 0 0
4966769000 4986182533 19413533 372096 306816 0 0
5066769106 5085710626 18941520 306720 244320 0 0
Generated frames: 50
Received (and measured) frames: 50
Frame not ready event count (in detector): 0
Frames dropped due to full buffer in detector: 0
Frames processed by detector: 50
Detector stop indicator set: true
Reported missed detector periods (reported by waitForNextPeriod): 0
Detector first release was scheduled for: 4294970501000001
165419253 4294970501000001 0
265419426 4294970601000001 0
365419426 4294970701000001 0
465419240 4294970801000001 0
565419426 4294970901000001 0
665419440 4294971001000001 0
765419173 4294971101000001 0
865419413 4294971201000001 0
965419413 4294971301000001 0
1065419440 4294971401000001 0
1165419480 4294971501000001 0
1265419386 4294971601000001 0
1365419453 4294971701000001 0
1465419440 4294971801000001 0
1565419520 4294971901000001 0
1665419493 4294972001000001 0
1765419466 4294972101000001 0
1865419426 4294972201000001 0
1965419173 4294972301000001 0
2065419240 4294972401000001 0
2165419466 4294972501000001 0
2265419240 4294972601000001 0
2365419413 4294972701000001 0
2465419226 4294972801000001 0
2565419506 4294972901000001 0
2665419480 4294973001000001 0
2765419440 4294973101000001 0
2865419173 4294973201000001 0
2965419346 4294973301000001 0
3065419360 4294973401000001 0
3165419386 4294973501000001 0
3265419240 4294973601000001 0
3365419186 4294973701000001 0
3465419426 4294973801000001 0
3565419480 4294973901000001 0
3665419453 4294974001000001 0
3765419520 4294974101000001 0
3865419173 4294974201000001 0
3965419200 4294974301000001 0
4065419386 4294974401000001 0
4165419506 4294974501000001 0
4265419466 4294974601000001 0
4365419360 4294974701000001 0
4465419426 4294974801000001 0
4565419426 4294974901000001 0
4665419506 4294975001000001 0
4765419480 4294975101000001 0
4865419360 4294975201000001 0
4965419400 4294975301000001 0
5065419426 4294975401000001 0
