Detector: detector priority is 6
Detector: detector period is 100
Detector is finished, processed all frames.
Dumping output [ timeBefore timeAfter timeDifference heapFreeBefore heapFreeAfter detectedCollisions suspectedCollisions ] for 50 recorded detector runs, in ns
351592693 355936026 4343333 814240 804448 1 4
452340773 467604000 15263227 804352 775776 1 4
552343933 576593386 24249453 775680 738688 2 24
652337626 668595746 16258120 738592 705760 0 0
752771760 778654653 25882893 705664 666016 3 24
852771933 879095066 26323133 665920 626432 2 28
952788066 967038866 14250800 626336 597536 0 0
1052813973 1068489266 15675293 597440 568288 1 6
1152810693 1167767613 14956920 568192 538048 0 0
1252805120 1268134880 15329760 537952 506464 0 0
1352775920 1369179920 16404000 506368 473536 0 0
1452782613 1469119160 16336547 473440 440608 0 0
1552791853 1567778960 14987107 440512 410368 0 0
1652817026 1665617666 12800640 410272 384960 1 2
1752814440 1766379120 13564680 384864 357408 0 0
1852805626 1877825120 25019494 357312 318976 2 24
1952780693 1985805586 33024893 318880 274048 3 42
2052776120 2067556600 14780480 273952 243808 0 0
2152784653 2173857093 21072440 814528 779840 2 16
2252828160 2268380440 15552280 779744 750592 1 6
2352814360 2368207720 15393360 750496 721952 0 4
2452815133 2468179333 15364200 721856 690368 0 0
2552783173 2568529333 15746160 690272 658784 0 0
2652787573 2668074893 15287320 658688 627200 0 0
2752792106 2768550400 15758294 627104 595616 0 0
2852809200 2868040960 15231760 595520 566976 0 4
2952815120 2968753320 15938200 566880 537728 1 6
3052806893 3073766560 20959667 537632 502944 2 16
3152812346 3168426600 15614254 502848 471360 0 0
3252775240 3282500746 29725506 471264 429504 3 36
3352784693 3377616093 24831400 429408 391072 2 24
3452790773 3467061680 14270907 390976 362176 0 0
3552830600 3565598666 12768066 362080 336768 1 2
3652822133 3666935906 14113773 336672 307872 0 0
3752816013 3768191160 15375147 307776 276288 0 0
3852780040 3869763826 16983786 276192 242016 0 0
3952784106 3968406586 15622480 814528 783040 0 0
4052786253 4066975426 14189173 782944 754144 0 0
4152830426 4168740506 15910080 754048 724896 1 6
4252818600 4267060200 14241600 724800 696000 0 0
4352817093 4379474866 26657773 695904 656416 2 28
4452782320 4478527600 25745280 656320 616672 3 24
4552776293 4568899480 16123187 616576 583744 0 0
4652782346 4677973226 25190880 583648 545312 2 24
4752850693 4767629520 14778827 545216 516640 1 4
4852822320 4868759013 15936693 516544 487392 1 6
4952819640 4967476480 14656840 487296 457152 0 0
5052815120 5069219586 16404466 457056 424224 0 0
5152792333 5168811240 16018907 424128 391296 0 0
5252792186 5268510093 15717907 391200 359712 0 0
Generated frames: 50
Received (and measured) frames: 50
Frame not ready event count (in detector): 0
Frames dropped due to full buffer in detector: 0
Frames processed by detector: 50
Detector stop indicator set: true
Reported missed detector periods (reported by waitForNextPeriod): 0
Detector first release was scheduled for: 4294970901000001
351439453 4294970901000001 0
451439413 4294971001000001 0
551439440 4294971101000001 0
651439520 4294971201000001 0
751439426 4294971301000001 0
851439466 4294971401000001 0
951439400 4294971501000001 0
1051439520 4294971601000001 0
1151439466 4294971701000001 0
1251439400 4294971801000001 0
1351439400 4294971901000001 0
1451439560 4294972001000001 0
1551439360 4294972101000001 0
1651439466 4294972201000001 0
1751439493 4294972301000001 0
1851439520 4294972401000001 0
1951439440 4294972501000001 0
2051439480 4294972601000001 0
2151439466 4294972701000001 0
2251439573 4294972801000001 0
2351439493 4294972901000001 0
2451439426 4294973001000001 0
2551439506 4294973101000001 0
2651439360 4294973201000001 0
2751439506 4294973301000001 0
2851439453 4294973401000001 0
2951439560 4294973501000001 0
3051439373 4294973601000001 0
3151439506 4294973701000001 0
3251439426 4294973801000001 0
3351439573 4294973901000001 0
3451439546 4294974001000001 0
3551439400 4294974101000001 0
3651439413 4294974201000001 0
3751439466 4294974301000001 0
3851439480 4294974401000001 0
3951439493 4294974501000001 0
4051439493 4294974601000001 0
4151439453 4294974701000001 0
4251439520 4294974801000001 0
4351439520 4294974901000001 0
4451439493 4294975001000001 0
4551439480 4294975101000001 0
4651439453 4294975201000001 0
4751439466 4294975301000001 0
4851439506 4294975401000001 0
4951439453 4294975501000001 0
5051439520 4294975601000001 0
5151439480 4294975701000001 0
5251439466 4294975801000001 0
