Detector: detector priority is 6
Detector: detector period is 100
Detector is finished, processed all frames.
Dumping output [ timeBefore timeAfter timeDifference heapFreeBefore heapFreeAfter detectedCollisions suspectedCollisions ] for 50 recorded detector runs, in ns
165491560 170499520 5007960 814240 798112 1 4
266237893 284238173 18000280 798016 743136 1 4
366239160 393545773 27306613 743040 676672 2 24
466233866 485878133 19644267 676576 611296 0 0
566668253 595936893 29268640 611200 539104 3 24
666668093 696220173 29552080 539008 468608 2 28
766684440 783835133 17150693 468512 411872 0 0
866709893 885124013 18414120 411776 356320 1 6
966706120 984723400 18017280 356224 296704 0 0
1066700880 1085259933 18559053 296608 234208 0 0
1166671973 1186463226 19791253 814528 749248 0 0
1266678720 1286400733 19722013 749152 683872 0 0
1366688013 1384734573 18046560 683776 624256 0 0
1466712973 1481923946 15210973 624160 575616 1 2
1566710733 1583017893 16307160 575520 521760 0 0
1666701813 1694944266 28242453 521664 452416 2 24
1766676986 1803086600 36409614 452320 375040 3 42
1866670613 1884498533 17827920 374944 315424 0 0
1966680466 1990811760 24131294 315328 251264 2 16
2066724453 2085018693 18294240 251168 195712 1 6
2166710453 2185001186 18290733 814528 758144 0 4
2266711360 2285305746 18594386 758048 695648 0 0
2366679373 2385648453 18969080 695552 633152 0 0
2466683933 2485200840 18516907 633056 570656 0 0
2566688186 2585667333 18979147 570560 508160 0 0
2666705373 2684847306 18141933 508064 451680 0 4
2766711173 2785389746 18678573 451584 396128 1 6
2866701693 2890698173 23996480 396032 331968 2 16
2966708253 2985544800 18836547 331872 269472 0 0
3066671200 3099621560 32950360 269376 196704 3 36
3166680733 3194741213 28060480 814528 745280 2 24
3266686626 3283857106 17170480 745184 688544 0 0
3366726693 3381908400 15181707 688448 639904 1 2
3466718693 3483732453 17013760 639808 583168 0 0
3566712133 3585316346 18604213 583072 520672 0 0
3666676106 3687209426 20533320 520576 452416 0 0
3766680386 3785525653 18845267 452320 389920 0 0
3866682653 3883772053 17089400 389824 333184 0 0
3966726413 3985377280 18650867 333088 277632 1 6
4066714666 4083862720 17148054 277536 220896 0 0
4166713320 4196594146 29880826 220800 150400 2 28
4266678333 4295815533 29137200 814528 742432 3 24
4366672586 4386187800 19515214 742336 677056 0 0
4466678706 4495092586 28413880 676960 607712 2 24
4566746866 4584267653 17520787 607616 552736 1 4
4666718493 4685393693 18675200 552640 497184 1 6
4766715746 4784438333 17722587 497088 437568 0 0
4866710453 4886503960 19793507 437472 372192 0 0
4966688400 4986101986 19413586 372096 306816 0 0
5066688546 5085630426 18941880 306720 244320 0 0
Generated frames: 50
Received (and measured) frames: 50
Frame not ready event count (in detector): 0
Frames dropped due to full buffer in detector: 0
Frames processed by detector: 50
Detector stop indicator set: true
Reported missed detector periods (reported by waitForNextPeriod): 0
Detector first release was scheduled for: 4294970501000001
165338813 4294970501000001 0
265338720 4294970601000001 0
365338733 4294970701000001 0
465338706 4294970801000001 0
565338760 4294970901000001 0
665338693 4294971001000001 0
765338720 4294971101000001 0
865338760 4294971201000001 0
965338533 4294971301000001 0
1065338773 4294971401000001 0
1165338720 4294971501000001 0
1265338640 4294971601000001 0
1365338773 4294971701000001 0
1465338826 4294971801000001 0
1565338680 4294971901000001 0
1665338693 4294972001000001 0
1765338826 4294972101000001 0
1865338480 4294972201000001 0
1965338533 4294972301000001 0
2065338773 4294972401000001 0
2165338666 4294972501000001 0
2265338560 4294972601000001 0
2365338800 4294972701000001 0
2465338720 4294972801000001 0
2565338733 4294972901000001 0
2665338653 4294973001000001 0
2765338773 4294973101000001 0
2865338733 4294973201000001 0
2965338480 4294973301000001 0
3065338546 4294973401000001 0
3165338546 4294973501000001 0
3265338493 4294973601000001 0
3365338733 4294973701000001 0
3465338653 4294973801000001 0
3565338720 4294973901000001 0
3665338760 4294974001000001 0
3765338826 4294974101000001 0
3865338666 4294974201000001 0
3965338480 4294974301000001 0
4065338706 4294974401000001 0
4165338640 4294974501000001 0
4265338720 4294974601000001 0
4365338720 4294974701000001 0
4465338666 4294974801000001 0
4565338746 4294974901000001 0
4665338760 4294975001000001 0
4765338720 4294975101000001 0
4865338506 4294975201000001 0
4965338773 4294975301000001 0
5065338720 4294975401000001 0
