Detector: detector priority is 6
Detector: detector period is 100
Detector is finished, processed all frames.
Dumping output [ timeBefore timeAfter timeDifference heapFreeBefore heapFreeAfter detectedCollisions suspectedCollisions ] for 50 recorded detector runs, in ns
166047213 170390293 4343080 814240 804448 1 4
266795840 282059253 15263413 804352 775776 1 4
366798240 391045120 24246880 775680 738688 2 24
466791906 483045093 16253187 738592 705760 0 0
567226400 593109560 25883160 705664 666016 3 24
667226253 693547706 26321453 665920 626432 2 28
767242533 781493306 14250773 626336 597536 0 0
867268346 882942893 15674547 597440 568288 1 6
967265280 982222586 14957306 568192 538048 0 0
1067259666 1082589293 15329627 537952 506464 0 0
1167230680 1183634106 16403426 506368 473536 0 0
1267237186 1283574346 16337160 473440 440608 0 0
1367246586 1382233133 14986547 440512 410368 0 0
1467271120 1480071573 12800453 410272 384960 1 2
1567268746 1580833480 13564734 384864 357408 0 0
1667260106 1692278933 25018827 357312 318976 2 24
1767235293 1800259760 33024467 318880 274048 3 42
1867229186 1881995053 14765867 273952 243808 0 0
1967238960 1988311586 21072626 814528 779840 2 16
2067282706 2082834386 15551680 779744 750592 1 6
2167268986 2182661746 15392760 750496 721952 0 4
2267269866 2282633666 15363800 721856 690368 0 0
2367237480 2382983213 15745733 690272 658784 0 0
2467242106 2482529360 15287254 658688 627200 0 0
2567246506 2583004653 15758147 627104 595616 0 0
2667263920 2682494906 15230986 595520 566976 0 4
2767269240 2783206586 15937346 566880 537728 1 6
2867259973 2888198093 20938120 537632 502944 2 16
2967266760 2982881506 15614746 502848 471360 0 0
3067229653 3096955800 29726147 471264 429504 3 36
3167239053 3192069653 24830600 429408 391072 2 24
3267245013 3281515800 14270787 390976 362176 0 0
3367285200 3380053093 12767893 362080 336768 1 2
3467277280 3481390746 14113466 336672 307872 0 0
3567270413 3582645160 15374747 307776 276288 0 0
3667234626 3684218360 16983734 276192 242016 0 0
3767238613 3782861146 15622533 814528 783040 0 0
3867241053 3881430133 14189080 782944 754144 0 0
3967284666 3983193746 15909080 754048 724896 1 6
4067272920 4081513746 14240826 724800 696000 0 0
4167271626 4193929413 26657787 695904 656416 2 28
4267237173 4292983413 25746240 656320 616672 3 24
4367231066 4383353946 16122880 616576 583744 0 0
4467237066 4492427280 25190214 583648 545312 2 24
4567305266 4582084360 14779094 545216 516640 1 4
4667277000 4683213120 15936120 516544 487392 1 6
4767274266 4781930640 14656374 487296 457152 0 0
4867269293 4883673480 16404187 457056 424224 0 0
4967246866 4983265746 16018880 424128 391296 0 0
5067246653 5082965226 15718573 391200 359712 0 0
Generated frames: 50
Received (and measured) frames: 50
Frame not ready event count (in detector): 0
Frames dropped due to full buffer in detector: 0
Frames processed by detector: 50
Detector stop indicator set: true
Reported missed detector periods (reported by waitForNextPeriod): 0
Detector first release was scheduled for: 4294970501000001
165893893 4294970501000001 0
265894053 4294970601000001 0
365893933 4294970701000001 0
465893973 4294970801000001 0
565894000 4294970901000001 0
665893933 4294971001000001 0
765893973 4294971101000001 0
865893960 4294971201000001 0
965893946 4294971301000001 0
1065893880 4294971401000001 0
1165894026 4294971501000001 0
1265893960 4294971601000001 0
1365894026 4294971701000001 0
1465894040 4294971801000001 0
1565893986 4294971901000001 0
1665893960 4294972001000001 0
1765893933 4294972101000001 0
1865893973 4294972201000001 0
1965893946 4294972301000001 0
2065893973 4294972401000001 0
2165893893 4294972501000001 0
2265893973 4294972601000001 0
2365893946 4294972701000001 0
2465893906 4294972801000001 0
2565893866 4294972901000001 0
2665893960 4294973001000001 0
2765893960 4294973101000001 0
2865893933 4294973201000001 0
2965893986 4294973301000001 0
3065893933 4294973401000001 0
3165893866 4294973501000001 0
3265893960 4294973601000001 0
3365893973 4294973701000001 0
3465893933 4294973801000001 0
3565893866 4294973901000001 0
3665893906 4294974001000001 0
3765894013 4294974101000001 0
3865893906 4294974201000001 0
3965893946 4294974301000001 0
4065893946 4294974401000001 0
4165894053 4294974501000001 0
4265893946 4294974601000001 0
4365894026 4294974701000001 0
4465893893 4294974801000001 0
4565893906 4294974901000001 0
4665893973 4294975001000001 0
4765894000 4294975101000001 0
4865893893 4294975201000001 0
4965893946 4294975301000001 0
5065893920 4294975401000001 0
