Detector: detector priority is 6
Detector: detector period is 100
Detector is finished, processed all frames.
Dumping output [ timeBefore timeAfter timeDifference heapFreeBefore heapFreeAfter detectedCollisions suspectedCollisions ] for 50 recorded detector runs, in ns
164776853 169781360 5004507 814240 798112 1 4
265522680 283522666 17999986 798016 743136 1 4
365524506 392816240 27291734 743040 676672 2 24
465518213 485151226 19633013 676576 611296 0 0
565953320 595213200 29259880 611200 539104 3 24
665953813 695505586 29551773 539008 468608 2 28
765969880 783120693 17150813 468512 411872 0 0
865995346 884409013 18413667 411776 356320 1 6
965992106 984009266 18017160 356224 296704 0 0
1065986413 1084545213 18558800 296608 234208 0 0
1165957240 1185748066 19790826 814528 749248 0 0
1265963560 1285684680 19721120 749152 683872 0 0
1365973080 1384019973 18046893 683776 624256 0 0
1465998280 1481210040 15211760 624160 575616 1 2
1565995626 1582303146 16307520 575520 521760 0 0
1665986706 1694228000 28241294 521664 452416 2 24
1765962266 1802372573 36410307 452320 375040 3 42
1865956000 1883783920 17827920 374944 315424 0 0
1965966133 1990097946 24131813 315328 251264 2 16
2066009693 2084302653 18292960 251168 195712 1 6
2165995920 2184286706 18290786 814528 758144 0 4
2265997240 2284589626 18592386 758048 695648 0 0
2365964640 2384933013 18968373 695552 633152 0 0
2465969213 2484485120 18515907 633056 570656 0 0
2565973413 2584953320 18979907 570560 508160 0 0
2665990720 2684131160 18140440 508064 451680 0 4
2765996520 2784675493 18678973 451584 396128 1 6
2865987080 2889983560 23996480 396032 331968 2 16
2965993560 2984829546 18835986 331872 269472 0 0
3065956973 3098907360 32950387 269376 196704 3 36
3165966200 3194023400 28057200 814528 745280 2 24
3265972186 3283142093 17169907 745184 688544 0 0
3366012013 3381195200 15183187 688448 639904 1 2
3466003920 3483018000 17014080 639808 583168 0 0
3565997373 3584600453 18603080 583072 520672 0 0
3665961586 3686495586 20534000 520576 452416 0 0
3765965546 3784811573 18846027 452320 389920 0 0
3865968106 3883058400 17090294 389824 333184 0 0
3966011786 3984663240 18651454 333088 277632 1 6
4066000053 4083147160 17147107 277536 220896 0 0
4165998693 4195879440 29880747 220800 150400 2 28
4265963653 4295099746 29136093 814528 742432 3 24
4365957946 4385472346 19514400 742336 677056 0 0
4465964053 4494377600 28413547 676960 607712 2 24
4566032320 4583552826 17520506 607616 552736 1 4
4666004106 4684680080 18675974 552640 497184 1 6
4766000973 4783723786 17722813 497088 437568 0 0
4865996320 4885788253 19791933 437472 372192 0 0
4965973773 4985386653 19412880 372096 306816 0 0
5065973826 5084915413 18941587 306720 244320 0 0
Generated frames: 50
Received (and measured) frames: 50
Frame not ready event count (in detector): 0
Frames dropped due to full buffer in detector: 0
Frames processed by detector: 50
Detector stop indicator set: true
Reported missed detector periods (reported by waitForNextPeriod): 0
Detector first release was scheduled for: 4294970501000001
164624186 4294970501000001 0
264623853 4294970601000001 0
364624080 4294970701000001 0
464624106 4294970801000001 0
564624040 4294970901000001 0
664624013 4294971001000001 0
764624106 4294971101000001 0
864624093 4294971201000001 0
964624106 4294971301000001 0
1064624093 4294971401000001 0
1164624093 4294971501000001 0
1264624026 4294971601000001 0
1364624093 4294971701000001 0
1464624040 4294971801000001 0
1564623973 4294971901000001 0
1664623853 4294972001000001 0
1764624106 4294972101000001 0
1864623866 4294972201000001 0
1964624093 4294972301000001 0
2064624106 4294972401000001 0
2164623906 4294972501000001 0
2264624253 4294972601000001 0
2364624106 4294972701000001 0
2464624186 4294972801000001 0
2564624093 4294972901000001 0
2664624080 4294973001000001 0
2764624186 4294973101000001 0
2864624120 4294973201000001 0
2964624026 4294973301000001 0
3064624133 4294973401000001 0
3164624066 4294973501000001 0
3264624120 4294973601000001 0
3364624173 4294973701000001 0
3464624200 4294973801000001 0
3564624026 4294973901000001 0
3664624093 4294974001000001 0
3764624133 4294974101000001 0
3864624106 4294974201000001 0
3964623933 4294974301000001 0
4064624093 4294974401000001 0
4164624080 4294974501000001 0
4264623880 4294974601000001 0
4364624080 4294974701000001 0
4464624080 4294974801000001 0
4564624066 4294974901000001 0
4664624133 4294975001000001 0
4764623853 4294975101000001 0
4864623933 4294975201000001 0
4964624106 4294975301000001 0
5064624066 4294975401000001 0
