Detector: detector priority is 6
Detector: detector period is 100
Detector is finished, processed all frames.
Dumping output [ timeBefore timeAfter timeDifference heapFreeBefore heapFreeAfter detectedCollisions suspectedCollisions ] for 50 recorded detector runs, in ns
165691440 170034920 4343480 814240 804448 1 4
266440173 281703680 15263507 804352 775776 1 4
366442533 390688426 24245893 775680 738688 2 24
466436040 482688000 16251960 738592 705760 0 0
566870253 592753586 25883333 705664 666016 3 24
666870333 693193480 26323147 665920 626432 2 28
766886520 781136973 14250453 626336 597536 0 0
866912453 882587133 15674680 597440 568288 1 6
966909440 981866426 14956986 568192 538048 0 0
1066903666 1082232760 15329094 537952 506464 0 0
1166874466 1183278573 16404107 506368 473536 0 0
1266881426 1283217813 16336387 473440 440608 0 0
1366890693 1381877693 14987000 440512 410368 0 0
1466915360 1479715653 12800293 410272 384960 1 2
1566912840 1580477586 13564746 384864 357408 0 0
1666903973 1691924266 25020293 357312 318976 2 24
1766879400 1799903266 33023866 318880 274048 3 42
1866873253 1881639106 14765853 273952 243808 0 0
1966883000 1987954480 21071480 814528 779840 2 16
2066927066 2082479053 15551987 779744 750592 1 6
2166913186 2182304640 15391454 750496 721952 0 4
2266914173 2282279093 15364920 721856 690368 0 0
2366882013 2382628333 15746320 690272 658784 0 0
2466886013 2482173186 15287173 658688 627200 0 0
2566890546 2582649226 15758680 627104 595616 0 0
2666907733 2682138653 15230920 595520 566976 0 4
2766913466 2782850613 15937147 566880 537728 1 6
2866904173 2887842400 20938227 537632 502944 2 16
2966910866 2982525173 15614307 502848 471360 0 0
3066873893 3096599333 29725440 471264 429504 3 36
3166883293 3191714266 24830973 429408 391072 2 24
3266889493 3281160253 14270760 390976 362176 0 0
3366929413 3379697080 12767667 362080 336768 1 2
3466921333 3481034706 14113373 336672 307872 0 0
3566914640 3582289613 15374973 307776 276288 0 0
3666878773 3683862280 16983507 276192 242016 0 0
3766882960 3782505813 15622853 814528 783040 0 0
3866885293 3881074346 14189053 782944 754144 0 0
3966928653 3982838653 15910000 754048 724896 1 6
4066917253 4081159160 14241907 724800 696000 0 0
4166915760 4193574653 26658893 695904 656416 2 28
4266880893 4292627760 25746867 656320 616672 3 24
4366875013 4382998386 16123373 616576 583744 0 0
4466881013 4492072213 25191200 583648 545312 2 24
4566949320 4581728546 14779226 545216 516640 1 4
4666920946 4682857080 15936134 516544 487392 1 6
4766918133 4781575040 14656907 487296 457152 0 0
4866913493 4883319080 16405587 457056 424224 0 0
4966890946 4982910466 16019520 424128 391296 0 0
5066890693 5082609093 15718400 391200 359712 0 0
Generated frames: 50
Received (and measured) frames: 50
Frame not ready event count (in detector): 0
Frames dropped due to full buffer in detector: 0
Frames processed by detector: 50
Detector stop indicator set: true
Reported missed detector periods (reported by waitForNextPeriod): 0
Detector first release was scheduled for: 4294970501000001
165538120 4294970501000001 0
265538160 4294970601000001 0
365538106 4294970701000001 0
465538093 4294970801000001 0
565538093 4294970901000001 0
665538080 4294971001000001 0
765538213 4294971101000001 0
865538200 4294971201000001 0
965538120 4294971301000001 0
1065538146 4294971401000001 0
1165538213 4294971501000001 0
1265538146 4294971601000001 0
1365538066 4294971701000001 0
1465538146 4294971801000001 0
1565538226 4294971901000001 0
1665538040 4294972001000001 0
1765538093 4294972101000001 0
1865538040 4294972201000001 0
1965538093 4294972301000001 0
2065538173 4294972401000001 0
2165538160 4294972501000001 0
2265538186 4294972601000001 0
2365538173 4294972701000001 0
2465538053 4294972801000001 0
2565538160 4294972901000001 0
2665538120 4294973001000001 0
2765538160 4294973101000001 0
2865538133 4294973201000001 0
2965538106 4294973301000001 0
3065538080 4294973401000001 0
3165538080 4294973501000001 0
3265538213 4294973601000001 0
3365538093 4294973701000001 0
3465538093 4294973801000001 0
3565538240 4294973901000001 0
3665538093 4294974001000001 0
3765538146 4294974101000001 0
3865538146 4294974201000001 0
3965538120 4294974301000001 0
4065538080 4294974401000001 0
4165538106 4294974501000001 0
4265538120 4294974601000001 0
4365538146 4294974701000001 0
4465538146 4294974801000001 0
4565538173 4294974901000001 0
4665538160 4294975001000001 0
4765538200 4294975101000001 0
4865538146 4294975201000001 0
4965538106 4294975301000001 0
5065538066 4294975401000001 0
