Detector: detector priority is 6
Detector: detector period is 100
Detector is finished, processed all frames.
Dumping output [ timeBefore timeAfter timeDifference heapFreeBefore heapFreeAfter detectedCollisions suspectedCollisions ] for 50 recorded detector runs, in ns
165258546 170266306 5007760 814240 798112 1 4
266004720 284003946 17999226 798016 743136 1 4
366006093 393310333 27304240 743040 676672 2 24
465999613 485645200 19645587 676576 611296 0 0
566433746 595702493 29268747 611200 539104 3 24
666435226 695987560 29552334 539008 468608 2 28
766451386 783600680 17149294 468512 411872 0 0
866476920 884891800 18414880 411776 356320 1 6
966473880 984490160 18016280 356224 296704 0 0
1066468280 1085027186 18558906 296608 234208 0 0
1166439040 1186230600 19791560 814528 749248 0 0
1266445973 1286167040 19721067 749152 683872 0 0
1366454866 1384501320 18046454 683776 624256 0 0
1466479813 1481691480 15211667 624160 575616 1 2
1566477826 1582785306 16307480 575520 521760 0 0
1666468760 1694710520 28241760 521664 452416 2 24
1766443986 1802853120 36409134 452320 375040 3 42
1866437866 1884265840 17827974 374944 315424 0 0
1966447773 1990579306 24131533 315328 251264 2 16
2066491373 2084786146 18294773 251168 195712 1 6
2166477386 2184768800 18291414 814528 758144 0 4
2266478586 2285072506 18593920 758048 695648 0 0
2366446386 2385414746 18968360 695552 633152 0 0
2466450680 2484967426 18516746 633056 570656 0 0
2566455146 2585434960 18979814 570560 508160 0 0
2666472480 2684613533 18141053 508064 451680 0 4
2766477986 2785157120 18679134 451584 396128 1 6
2866468720 2890465200 23996480 396032 331968 2 16
2966475746 2985312973 18837227 331872 269472 0 0
3066438106 3099388693 32950587 269376 196704 3 36
3166447560 3194505920 28058360 814528 745280 2 24
3266453573 3283624373 17170800 745184 688544 0 0
3366493373 3381676453 15183080 688448 639904 1 2
3466485546 3483499866 17014320 639808 583168 0 0
3566478933 3585083773 18604840 583072 520672 0 0
3666443560 3686976946 20533386 520576 452416 0 0
3766447293 3785293120 18845827 452320 389920 0 0
3866449866 3883539600 17089734 389824 333184 0 0
3966493360 3985144653 18651293 333088 277632 1 6
4066481946 4083629520 17147574 277536 220896 0 0
4166480800 4196361693 29880893 220800 150400 2 28
4266445346 4295581386 29136040 814528 742432 3 24
4366439653 4385955173 19515520 742336 677056 0 0
4466445906 4494859920 28414014 676960 607712 2 24
4566513560 4584034746 17521186 607616 552736 1 4
4666485773 4685161520 18675747 552640 497184 1 6
4766482733 4784205706 17722973 497088 437568 0 0
4866477933 4886269386 19791453 437472 372192 0 0
4966455600 4985868373 19412773 372096 306816 0 0
5066455533 5085396693 18941160 306720 244320 0 0
Generated frames: 50
Received (and measured) frames: 50
Frame not ready event count (in detector): 0
Frames dropped due to full buffer in detector: 0
Frames processed by detector: 50
Detector stop indicator set: true
Reported missed detector periods (reported by waitForNextPeriod): 0
Detector first release was scheduled for: 4294970501000001
165105813 4294970501000001 0
265105706 4294970601000001 0
365105666 4294970701000001 0
465105506 4294970801000001 0
565105720 4294970901000001 0
665105720 4294971001000001 0
765105573 4294971101000001 0
865105760 4294971201000001 0
965105733 4294971301000001 0
1065105813 4294971401000001 0
1165105680 4294971501000001 0
1265105813 4294971601000001 0
1365105720 4294971701000001 0
1465105560 4294971801000001 0
1565105800 4294971901000001 0
1665105773 4294972001000001 0
1765105506 4294972101000001 0
1865105733 4294972201000001 0
1965105693 4294972301000001 0
2065105720 4294972401000001 0
2165105720 4294972501000001 0
2265105760 4294972601000001 0
2365105800 4294972701000001 0
2465105773 4294972801000001 0
2565105573 4294972901000001 0
2665105720 4294973001000001 0
2765105773 4294973101000001 0
2865105760 4294973201000001 0
2965105786 4294973301000001 0
3065105693 4294973401000001 0
3165105533 4294973501000001 0
3265105573 4294973601000001 0
3365105573 4294973701000001 0
3465105506 4294973801000001 0
3565105800 4294973901000001 0
3665105813 4294974001000001 0
3765105840 4294974101000001 0
3865105733 4294974201000001 0
3965105533 4294974301000001 0
4065105800 4294974401000001 0
4165105733 4294974501000001 0
4265105506 4294974601000001 0
4365105666 4294974701000001 0
4465105786 4294974801000001 0
4565105520 4294974901000001 0
4665105733 4294975001000001 0
4765105746 4294975101000001 0
4865105773 4294975201000001 0
4965105760 4294975301000001 0
5065105786 4294975401000001 0
