Detector: detector priority is 6
Detector: detector period is 100
Detector is finished, processed all frames.
Dumping output [ timeBefore timeAfter timeDifference heapFreeBefore heapFreeAfter detectedCollisions suspectedCollisions ] for 50 recorded detector runs, in ns
228087400 233095266 5007866 814240 798112 1 4
328833866 346834893 18001027 798016 743136 1 4
428836186 456148560 27312374 743040 676672 2 24
528829440 548476773 19647333 676576 611296 0 0
629264080 658534386 29270306 611200 539104 3 24
729263866 758815213 29551347 539008 468608 2 28
829280026 846429813 17149787 468512 411872 0 0
929305986 947720640 18414654 411776 356320 1 6
1029302680 1047320080 18017400 356224 296704 0 0
1129297093 1147856080 18558987 296608 234208 0 0
1229268040 1249058613 19790573 814528 749248 0 0
1329274840 1348994853 19720013 749152 683872 0 0
1429282186 1447310373 18028187 683776 624256 0 0
1529307333 1544516613 15209280 624160 575616 1 2
1629306533 1645613706 16307173 575520 521760 0 0
1729297346 1757539160 28241814 521664 452416 2 24
1829272800 1865680973 36408173 452320 375040 3 42
1929268453 1947114493 17846040 374944 315424 0 0
2029276520 2053407306 24130786 315328 251264 2 16
2129320213 2147613386 18293173 251168 195712 1 6
2229306280 2247597026 18290746 814528 758144 0 4
2329307506 2347901413 18593907 758048 695648 0 0
2429273413 2448222600 18949187 695552 633152 0 0
2529279360 2547794760 18515400 633056 570656 0 0
2629284346 2648265013 18980667 570560 508160 0 0
2729301373 2747442720 18141347 508064 451680 0 4
2829306733 2847985373 18678640 451584 396128 1 6
2929299360 2953319946 24020586 396032 331968 2 16
3029304746 3048141080 18836334 331872 269472 0 0
3129266946 3162217226 32950280 269376 196704 3 36
3229277080 3257336413 28059333 814528 745280 2 24
3329282746 3346453866 17171120 745184 688544 0 0
3429322213 3444503760 15181547 688448 639904 1 2
3529314253 3546328213 17013960 639808 583168 0 0
3629307813 3647912120 18604307 583072 520672 0 0
3729272173 3749806173 20534000 520576 452416 0 0
3829276253 3848121133 18844880 452320 389920 0 0
3929278880 3946368040 17089160 389824 333184 0 0
4029322146 4047973440 18651294 333088 277632 1 6
4129310520 4146458000 17147480 277536 220896 0 0
4229309200 4259190733 29881533 220800 150400 2 28
4329274253 4358410040 29135787 814528 742432 3 24
4429268586 4448784000 19515414 742336 677056 0 0
4529274200 4557687026 28412826 676960 607712 2 24
4629342480 4646863026 17520546 607616 552736 1 4
4729314253 4747990826 18676573 552640 497184 1 6
4829311226 4847034066 17722840 497088 437568 0 0
4929306893 4949099253 19792360 437472 372192 0 0
5029284533 5048698586 19414053 372096 306816 0 0
5129284000 5148225933 18941933 306720 244320 0 0
Generated frames: 50
Received (and measured) frames: 50
Frame not ready event count (in detector): 0
Frames dropped due to full buffer in detector: 0
Frames processed by detector: 50
Detector stop indicator set: true
Reported missed detector periods (reported by waitForNextPeriod): 0
Detector first release was scheduled for: 4294970501000001
227934680 4294970501000001 0
327934706 4294970601000001 0
427934680 4294970701000001 0
527934440 4294970801000001 0
627934666 4294970901000001 0
727934440 4294971001000001 0
827934386 4294971101000001 0
927934600 4294971201000001 0
1027934400 4294971301000001 0
1127934386 4294971401000001 0
1227934640 4294971501000001 0
1327934666 4294971601000001 0
1427934386 4294971701000001 0
1527934573 4294971801000001 0
1627934386 4294971901000001 0
1727934386 4294972001000001 0
1827934613 4294972101000001 0
1927934653 4294972201000001 0
2027934573 4294972301000001 0
2127934640 4294972401000001 0
2227934386 4294972501000001 0
2327934693 4294972601000001 0
2427934386 4294972701000001 0
2527934600 4294972801000001 0
2627934613 4294972901000001 0
2727934666 4294973001000001 0
2827934440 4294973101000001 0
2927934706 4294973201000001 0
3027934706 4294973301000001 0
3127934440 4294973401000001 0
3227934680 4294973501000001 0
3327934653 4294973601000001 0
3427934440 4294973701000001 0
3527934400 4294973801000001 0
3627934600 4294973901000001 0
3727934600 4294974001000001 0
3827934720 4294974101000001 0
3927934626 4294974201000001 0
4027934440 4294974301000001 0
4127934626 4294974401000001 0
4227934613 4294974501000001 0
4327934440 4294974601000001 0
4427934720 4294974701000001 0
4527934453 4294974801000001 0
4627934386 4294974901000001 0
4727934653 4294975001000001 0
4827934386 4294975101000001 0
4927934626 4294975201000001 0
5027934613 4294975301000001 0
5127934413 4294975401000001 0
