Detector: detector priority is 6
Detector: detector period is 100
Detector is finished, processed all frames.
Dumping output [ timeBefore timeAfter timeDifference heapFreeBefore heapFreeAfter detectedCollisions suspectedCollisions ] for 50 recorded detector runs, in ns
168170626 173178346 5007720 814240 798112 1 4
268915933 286900173 17984240 798016 743136 1 4
368918373 396220400 27302027 743040 676672 2 24
468912346 488549800 19637454 676576 611296 0 0
569347693 598616706 29269013 611200 539104 3 24
669347546 698899560 29552014 539008 468608 2 28
769364093 786514226 17150133 468512 411872 0 0
869389040 887803173 18414133 411776 356320 1 6
969386026 987403026 18017000 356224 296704 0 0
1069380480 1087939120 18558640 296608 234208 0 0
1169351293 1189143400 19792107 814528 749248 0 0
1269358240 1289079280 19721040 749152 683872 0 0
1369367173 1387414453 18047280 683776 624256 0 0
1469392386 1484604320 15211934 624160 575616 1 2
1569389653 1585696440 16306787 575520 521760 0 0
1669381240 1697624426 28243186 521664 452416 2 24
1769354853 1805726106 36371253 452320 375040 3 42
1869351760 1887198240 17846480 374944 315424 0 0
1969360013 1993491413 24131400 315328 251264 2 16
2069404080 2087697706 18293626 251168 195712 1 6
2169389946 2187681240 18291294 814528 758144 0 4
2269390986 2287984453 18593467 758048 695648 0 0
2369358426 2388326786 18968360 695552 633152 0 0
2469363000 2487878613 18515613 633056 570656 0 0
2569367840 2588347946 18980106 570560 508160 0 0
2669384973 2687525306 18140333 508064 451680 0 4
2769388773 2788047826 18659053 451584 396128 1 6
2869382720 2893404066 24021346 396032 331968 2 16
2969388106 2988225866 18837760 331872 269472 0 0
3069350840 3102301560 32950720 269376 196704 3 36
3169360066 3197418626 28058560 814528 745280 2 24
3269366146 3286536946 17170800 745184 688544 0 0
3369406080 3384588026 15181946 688448 639904 1 2
3469397853 3486411520 17013667 639808 583168 0 0
3569391413 3587995613 18604200 583072 520672 0 0
3669355440 3689890040 20534600 520576 452416 0 0
3769359613 3788205640 18846027 452320 389920 0 0
3869362346 3886451480 17089134 389824 333184 0 0
3969406106 3988057426 18651320 333088 277632 1 6
4069394386 4086541000 17146614 277536 220896 0 0
4169392933 4199274400 29881467 220800 150400 2 28
4269357773 4298492986 29135213 814528 742432 3 24
4369352186 4388867480 19515294 742336 677056 0 0
4469358413 4497772306 28413893 676960 607712 2 24
4569426626 4586947920 17521294 607616 552736 1 4
4669397853 4688074466 18676613 552640 497184 1 6
4769394906 4787117253 17722347 497088 437568 0 0
4869390293 4889182453 19792160 437472 372192 0 0
4969367853 4988781693 19413840 372096 306816 0 0
5069368040 5088309560 18941520 306720 244320 0 0
Generated frames: 50
Received (and measured) frames: 50
Frame not ready event count (in detector): 0
Frames dropped due to full buffer in detector: 0
Frames processed by detector: 50
Detector stop indicator set: true
Reported missed detector periods (reported by waitForNextPeriod): 0
Detector first release was scheduled for: 4294970501000001
168017960 4294970501000001 0
268017946 4294970601000001 0
368017946 4294970701000001 0
468018240 4294970801000001 0
568018133 4294970901000001 0
668018013 4294971001000001 0
768018240 4294971101000001 0
868017986 4294971201000001 0
968018200 4294971301000001 0
1068018240 4294971401000001 0
1168017946 4294971501000001 0
1268018266 4294971601000001 0
1368017960 4294971701000001 0
1468018186 4294971801000001 0
1568017986 4294971901000001 0
1668018013 4294972001000001 0
1768018200 4294972101000001 0
1868018146 4294972201000001 0
1968018173 4294972301000001 0
2068018173 4294972401000001 0
2168018026 4294972501000001 0
2268018146 4294972601000001 0
2368018186 4294972701000001 0
2468018000 4294972801000001 0
2568018253 4294972901000001 0
2668018160 4294973001000001 0
2768018106 4294973101000001 0
2868018240 4294973201000001 0
2968018213 4294973301000001 0
3068018266 4294973401000001 0
3168018013 4294973501000001 0
3268018253 4294973601000001 0
3368018240 4294973701000001 0
3468018133 4294973801000001 0
3568018133 4294973901000001 0
3668018146 4294974001000001 0
3768018240 4294974101000001 0
3868018213 4294974201000001 0
3968018266 4294974301000001 0
4068018266 4294974401000001 0
4168018146 4294974501000001 0
4268018000 4294974601000001 0
4368018013 4294974701000001 0
4468018186 4294974801000001 0
4568018280 4294974901000001 0
4668018146 4294975001000001 0
4768018173 4294975101000001 0
4868017973 4294975201000001 0
4968018280 4294975301000001 0
5068018173 4294975401000001 0
