Detector: detector priority is 6
Detector: detector period is 100
Detector is finished, processed all frames.
Dumping output [ timeBefore timeAfter timeDifference heapFreeBefore heapFreeAfter detectedCollisions suspectedCollisions ] for 50 recorded detector runs, in ns
348502066 353509573 5007507 814240 798112 1 4
449248653 467250186 18001533 798016 743136 1 4
549250960 576561120 27310160 743040 676672 2 24
649244560 668891280 19646720 676576 611296 0 0
749679040 778948240 29269200 611200 539104 3 24
849678706 879230440 29551734 539008 468608 2 28
949695053 966845400 17150347 468512 411872 0 0
1049720480 1068133880 18413400 411776 356320 1 6
1149717760 1167734733 18016973 356224 296704 0 0
1249711480 1268271080 18559600 296608 234208 0 0
1349682800 1369474200 19791400 814528 749248 0 0
1449689400 1469410720 19721320 749152 683872 0 0
1549698840 1567746400 18047560 683776 624256 0 0
1649723293 1664935306 15212013 624160 575616 1 2
1749721440 1766028733 16307293 575520 521760 0 0
1849712333 1877955306 28242973 521664 452416 2 24
1949687693 1986098333 36410640 452320 375040 3 42
2049683093 2067528840 17845747 374944 315424 0 0
2149691413 2173822786 24131373 315328 251264 2 16
2249734586 2268028533 18293947 251168 195712 1 6
2349721213 2368012386 18291173 814528 758144 0 4
2449722133 2468315426 18593293 758048 695648 0 0
2549690253 2568658920 18968667 695552 633152 0 0
2649694720 2668210360 18515640 633056 570656 0 0
2749698813 2768680053 18981240 570560 508160 0 0
2849716160 2867857160 18141000 508064 451680 0 4
2949721680 2968400120 18678440 451584 396128 1 6
3049714080 3073735826 24021746 396032 331968 2 16
3149719493 3168556293 18836800 331872 269472 0 0
3249681920 3282632520 32950600 269376 196704 3 36
3349691466 3377750440 28058974 814528 745280 2 24
3449697613 3466866826 17169213 745184 688544 0 0
3549737240 3564919946 15182706 688448 639904 1 2
3649729546 3666743600 17014054 639808 583168 0 0
3749722786 3768328093 18605307 583072 520672 0 0
3849687000 3870219786 20532786 520576 452416 0 0
3949690973 3968536106 18845133 452320 389920 0 0
4049693333 4066783400 17090067 389824 333184 0 0
4149737160 4168388546 18651386 333088 277632 1 6
4249725146 4266872853 17147707 277536 220896 0 0
4349724093 4379605586 29881493 220800 150400 2 28
4449688986 4478824733 29135747 814528 742432 3 24
4549683133 4569197826 19514693 742336 677056 0 0
4649689506 4678103080 28413574 676960 607712 2 24
4749757200 4767278053 17520853 607616 552736 1 4
4849729053 4868405760 18676707 552640 497184 1 6
4949726666 4967448746 17722080 497088 437568 0 0
5049721760 5069513400 19791640 437472 372192 0 0
5149698946 5169112693 19413747 372096 306816 0 0
5249698880 5268640626 18941746 306720 244320 0 0
Generated frames: 50
Received (and measured) frames: 50
Frame not ready event count (in detector): 0
Frames dropped due to full buffer in detector: 0
Frames processed by detector: 50
Detector stop indicator set: true
Reported missed detector periods (reported by waitForNextPeriod): 0
Detector first release was scheduled for: 4294970901000001
348349426 4294970901000001 0
448349373 4294971001000001 0
548349426 4294971101000001 0
648349453 4294971201000001 0
748349293 4294971301000001 0
848349200 4294971401000001 0
948349373 4294971501000001 0
1048349360 4294971601000001 0
1148349360 4294971701000001 0
1248349173 4294971801000001 0
1348349346 4294971901000001 0
1448349186 4294972001000001 0
1548349373 4294972101000001 0
1648349413 4294972201000001 0
1748349360 4294972301000001 0
1848349360 4294972401000001 0
1948349293 4294972501000001 0
2048349280 4294972601000001 0
2148349480 4294972701000001 0
2248349120 4294972801000001 0
2348349400 4294972901000001 0
2448349373 4294973001000001 0
2548349360 4294973101000001 0
2648349440 4294973201000001 0
2748349360 4294973301000001 0
2848349346 4294973401000001 0
2948349453 4294973501000001 0
3048349480 4294973601000001 0
3148349360 4294973701000001 0
3248349213 4294973801000001 0
3348349360 4294973901000001 0
3448349466 4294974001000001 0
3548349333 4294974101000001 0
3648349133 4294974201000001 0
3748349333 4294974301000001 0
3848349373 4294974401000001 0
3948349333 4294974501000001 0
4048349400 4294974601000001 0
4148349440 4294974701000001 0
4248349213 4294974801000001 0
4348349360 4294974901000001 0
4448349413 4294975001000001 0
4548349133 4294975101000001 0
4648349373 4294975201000001 0
4748349120 4294975301000001 0
4848349346 4294975401000001 0
4948349386 4294975501000001 0
5048349426 4294975601000001 0
5148349280 4294975701000001 0
5248349120 4294975801000001 0
